	S	I0	M1	D1	I1	M2	D2	I2	M3	D3	I3	M4	D4	I4	M5	D5	I5	M6	D6	I6	M7	D7	I7	M8	D8	I8	E
S	0	0.495	0.374	0.131	0	0	0	0	0	0	0	0	0	0	0	0	0	0	0	0	0	0	0	0	0	0	0
I0	0	0.01	0.981	0.01	0	0	0	0	0	0	0	0	0	0	0	0	0	0	0	0	0	0	0	0	0	0	0
M1	0	0	0	0	0.01	0.842	0.149	0	0	0	0	0	0	0	0	0	0	0	0	0	0	0	0	0	0	0	0
D1	0	0	0	0	0.01	0.981	0.01	0	0	0	0	0	0	0	0	0	0	0	0	0	0	0	0	0	0	0	0
I1	0	0	0	0	0.333	0.333	0.333	0	0	0	0	0	0	0	0	0	0	0	0	0	0	0	0	0	0	0	0
M2	0	0	0	0	0	0	0	0.01	0.842	0.149	0	0	0	0	0	0	0	0	0	0	0	0	0	0	0	0	0
D2	0	0	0	0	0	0	0	0.01	0.981	0.01	0	0	0	0	0	0	0	0	0	0	0	0	0	0	0	0	0
I2	0	0	0	0	0	0	0	0.333	0.333	0.333	0	0	0	0	0	0	0	0	0	0	0	0	0	0	0	0	0
M3	0	0	0	0	0	0	0	0	0	0	0.01	0.842	0.149	0	0	0	0	0	0	0	0	0	0	0	0	0	0
D3	0	0	0	0	0	0	0	0	0	0	0.01	0.981	0.01	0	0	0	0	0	0	0	0	0	0	0	0	0	0
I3	0	0	0	0	0	0	0	0	0	0	0.333	0.333	0.333	0	0	0	0	0	0	0	0	0	0	0	0	0	0
M4	0	0	0	0	0	0	0	0	0	0	0	0	0	0.01	0.842	0.149	0	0	0	0	0	0	0	0	0	0	0
D4	0	0	0	0	0	0	0	0	0	0	0	0	0	0.01	0.981	0.01	0	0	0	0	0	0	0	0	0	0	0
I4	0	0	0	0	0	0	0	0	0	0	0	0	0	0.333	0.333	0.333	0	0	0	0	0	0	0	0	0	0	0
M5	0	0	0	0	0	0	0	0	0	0	0	0	0	0	0	0	0.01	0.981	0.01	0	0	0	0	0	0	0	0
D5	0	0	0	0	0	0	0	0	0	0	0	0	0	0	0	0	0.01	0.01	0.981	0	0	0	0	0	0	0	0
I5	0	0	0	0	0	0	0	0	0	0	0	0	0	0	0	0	0.333	0.333	0.333	0	0	0	0	0	0	0	0
M6	0	0	0	0	0	0	0	0	0	0	0	0	0	0	0	0	0	0	0	0.01	0.703	0.287	0	0	0	0	0
D6	0	0	0	0	0	0	0	0	0	0	0	0	0	0	0	0	0	0	0	0.01	0.981	0.01	0	0	0	0	0
I6	0	0	0	0	0	0	0	0	0	0	0	0	0	0	0	0	0	0	0	0.333	0.333	0.333	0	0	0	0	0
M7	0	0	0	0	0	0	0	0	0	0	0	0	0	0	0	0	0	0	0	0	0	0	0.01	0.495	0.495	0	0
D7	0	0	0	0	0	0	0	0	0	0	0	0	0	0	0	0	0	0	0	0	0	0	0.01	0.981	0.01	0	0
I7	0	0	0	0	0	0	0	0	0	0	0	0	0	0	0	0	0	0	0	0	0	0	0.333	0.333	0.333	0	0
M8	0	0	0	0	0	0	0	0	0	0	0	0	0	0	0	0	0	0	0	0	0	0	0	0	0	0.01	0.99
D8	0	0	0	0	0	0	0	0	0	0	0	0	0	0	0	0	0	0	0	0	0	0	0	0	0	0.01	0.99
I8	0	0	0	0	0	0	0	0	0	0	0	0	0	0	0	0	0	0	0	0	0	0	0	0	0	0.5	0.5
E	0	0	0	0	0	0	0	0	0	0	0	0	0	0	0	0	0	0	0	0	0	0	0	0	0	0	0
--------
	A	B	C	D	E
S	0	0	0	0	0
I0	0.01	0.724	0.01	0.248	0.01
M1	0.01	0.01	0.962	0.01	0.01
D1	0	0	0	0	0
I1	0.2	0.2	0.2	0.2	0.2
M2	0.826	0.01	0.146	0.01	0.01
D2	0	0	0	0	0
I2	0.2	0.2	0.2	0.2	0.2
M3	0.146	0.826	0.01	0.01	0.01
D3	0	0	0	0	0
I3	0.2	0.2	0.2	0.2	0.2
M4	0.01	0.146	0.146	0.69	0.01
D4	0	0	0	0	0
I4	0.2	0.2	0.2	0.2	0.2
M5	0.146	0.146	0.553	0.146	0.01
D5	0	0	0	0	0
I5	0.2	0.2	0.2	0.2	0.2
M6	0.01	0.01	0.01	0.962	0.01
D6	0	0	0	0	0
I6	0.2	0.2	0.2	0.2	0.2
M7	0.01	0.01	0.01	0.962	0.01
D7	0	0	0	0	0
I7	0.2	0.2	0.2	0.2	0.2
M8	0.581	0.01	0.2	0.2	0.01
D8	0	0	0	0	0
I8	0.2	0.2	0.2	0.2	0.2
E	0	0	0	0	0