	S	I0	M1	D1	I1	M2	D2	I2	M3	D3	I3	M4	D4	I4	E
S	0	0	1	0	0	0	0	0	0	0	0	0	0	0	0
I0	0	0	0	0	0	0	0	0	0	0	0	0	0	0	0
M1	0	0	0	0	0	1	0	0	0	0	0	0	0	0	0
D1	0	0	0	0	0	0	0	0	0	0	0	0	0	0	0
I1	0	0	0	0	0	0	0	0	0	0	0	0	0	0	0
M2	0	0	0	0	0	0	0	0	1	0	0	0	0	0	0
D2	0	0	0	0	0	0	0	0	0	0	0	0	0	0	0
I2	0	0	0	0	0	0	0	0	0	0	0	0	0	0	0
M3	0	0	0	0	0	0	0	0	0	0	1	0	0	0	0
D3	0	0	0	0	0	0	0	0	0	0	0	0	0	0	0
I3	0	0	0	0	0	0	0	0	0	0	0	1	0	0	0
M4	0	0	0	0	0	0	0	0	0	0	0	0	0	0.8	0.2
D4	0	0	0	0	0	0	0	0	0	0	0	0	0	0	0
I4	0	0	0	0	0	0	0	0	0	0	0	0	0	0.556	0.444
E	0	0	0	0	0	0	0	0	0	0	0	0	0	0	0
--------
	A	B	C	D	E
S	0	0	0	0	0
I0	0	0	0	0	0
M1	0.2	0.8	0	0	0
D1	0	0	0	0	0
I1	0	0	0	0	0
M2	0	0.2	0	0.8	0
D2	0	0	0	0	0
I2	0	0	0	0	0
M3	0.2	0	0.2	0.6	0
D3	0	0	0	0	0
I3	0.8	0.2	0	0	0
M4	0	0	0	1	0
D4	0	0	0	0	0
I4	0	0.111	0.667	0.222	0
E	0	0	0	0	0