15676.8811086
2654.57317928
2782.66813928
2783.61576928
2910.72671928
2914.65625928
3028.69918928
3038.82167928
3141.83086928
3191.76251928
3238.88362928
3290.83092928
3401.94695928
3418.92588928
3501.01536928
3532.00994928
3629.07394928
3635.01913928
3736.06681928
3757.13252928
3839.07600928
3856.20093928
3927.23804928
3968.11859928
4065.17135928
4090.30137928
4136.20846928
4204.34430928
4273.26737928
4305.39198928
4401.32595928
4419.43491928
4514.41001928
4533.47784928
4642.46859928
4670.53675928
4798.56970928
4798.59533928
4912.61263928
4935.65424928
4969.63409928
5050.68118928
5100.67458928
5197.74959928
5256.77569928
5268.78670928
5353.82845928
5365.83946928
5452.87149928
5481.88703928
5553.91917928
5594.97109928
5651.99255928
5682.96176928
5723.02966928
5769.99379928
5822.09807928
5884.03672928
5893.13518928
6022.17777928
6047.10005928
6136.22070928
6144.15281928
6249.30476928
6275.19330928
6346.35752928
6461.27261928
6493.42593928
6580.45796928
6624.33594928
6651.49507928
6738.37887928
6795.40033928
6798.56348928
6882.43236928
6929.60397928
7010.49094928
7042.68803928
7125.51788928
7170.74661928
7238.60194928
7283.83067928
7369.64243928
7440.67954928
7446.89400928
7517.93111928
7554.72247928
7674.03222928
7683.76506928
7786.77425928
7789.05916928
7887.82193928
7890.10684928
7993.11603928
8002.84887928
8122.15862928
8158.94998928
8229.98709928
8236.20155928
8307.23866928
8393.05042928
8438.27915928
8506.13448928
8551.36321928
8634.19306928
8666.39015928
8747.27712928
8794.44873928
8878.31761928
8881.48076928
8938.50222928
9025.38602928
9052.54515928
9096.42313928
9183.45516928
9215.60848928
9330.52357928
9401.68779928
9427.57633928
9532.72828928
9540.66039928
9629.78104928
9654.70332928
9783.74591928
9792.84437928
9854.78302928
9906.88730928
9953.85143928
9993.91933928
10024.8885493
10081.9100093
10122.9619293
10194.9940693
10224.0096093
10311.0416393
10323.0526493
10408.0943993
10420.1054093
10479.1315093
10576.2065193
10626.1999193
10707.2470093
10741.2268593
10764.2684693
10878.2857693
10878.3113993
11006.3443493
11034.4125093
11143.4032593
11162.4710893
11257.4461893
11275.5551493
11371.4891193
11403.6137293
11472.5367993
11540.6726393
11586.5797293
11611.7097493
11708.7625093
11749.6430593
11820.6801693
11837.8050993
11919.7485793
11940.8142893
12041.8619693
12047.8071593
12144.8711593
12175.8657393
12257.9552193
12274.9341493
12386.0501793
12437.9974793
12485.1185893
12535.0502393
12638.0594293
12648.1819193
12762.2248493
12766.1543893
12893.2653393
12894.2129693
13022.3079293
