2805.45575341
2886.06210884
2907.30880374
2917.32617026
2937.20940476
2942.51466341
2955.34901623
3020.69369536
3098.61577341
3167.66615149
3211.69983341
3234.6723093
3238.58056308
3307.84539836
3310.76824341
3438.82808283
3439.95499696
3445.80169153
3473.83157341
3534.46312895
3539.10245283
3587.50184633
3587.87450341
3591.50932981
3700.95856341
3787.84873052
3809.78273262
3815.98550341
3864.2208799
3873.00696341
3891.09116099
3912.59789111
3953.98946134
3987.04989341
3993.41360424
4015.31482864
4043.24004955
4098.70427242
4135.19313833
4150.11322341
4157.6170587
4297.73278501
4313.17655341
4430.89835166
4441.23513341
4445.93697046
4472.58978014
4476.23988341
4540.85284555
4579.79568023
4590.28281341
4604.29846341
4732.39342341
4736.89047012
4746.38392341
4819.42545341
4846.7399687
4861.41086341
4871.85407518
4915.43673319
4941.04920747
4948.46804341
4975.45379341
4985.48574746
5032.47525341
5036.55983712
5061.55210341
5067.29080498
5138.6360035
5170.11824958
5170.7242116
5172.4596932
5179.54366341
5189.61068341
5245.58720376
5273.12469441
5276.64271341
5292.62772341
5336.68521814
5379.65190341
5395.63691341
5412.80293861
5430.49677497
5439.37467982
5478.72031341
5486.17472402
5492.68967341
5500.78378621
5510.55342034
5579.76799341
5680.47313263
5692.85205341
5712.15487651
5725.52466483
5813.69428128
5829.88840487
5839.92046341
