7 3
1.2
4.793 4.937 12.070
6.775 4.010 3.417
6.959 4.057 1.094
9.259 14.802 3.266
13.061 5.681 2.853
4.370 5.142 2.553
9.205 19.499 11.822
4.561 6.816 5.109
2.221 8.921 5.141
17.024 24.811 3.192
2.632 20.914 26.680
7.085 9.439 8.987
6.995 13.691 12.739
10.862 3.430 0.042
6.847 5.068 7.050
2.798 5.875 8.446
12.360 3.453 13.530
1.920 4.439 3.239
7.081 19.698 0.275
6.986 6.798 18.316
11.708 12.818 14.530
4.012 6.926 18.747
20.666 3.180 8.547
5.580 1.199 3.738
0.481 2.114 0.667
4.583 8.552 6.771
3.850 22.296 11.940
1.413 4.138 16.781
16.871 7.694 6.746
6.867 11.876 11.361
18.854 19.020 15.085
3.273 16.259 11.651
9.120 8.881 5.874
13.536 7.471 16.283
14.662 2.888 2.123
25.466 1.903 2.595
11.878 19.411 13.718
2.897 13.285 14.993
6.984 6.239 8.860
4.815 9.055 9.514
12.660 14.960 2.826
3.482 7.395 6.575
5.973 15.582 2.415
7.103 4.883 1.267
16.378 4.331 12.770
3.777 12.929 3.091
0.104 10.266 6.775
5.548 10.499 0.494
0.311 3.799 15.728
14.961 6.006 7.709
4.319 5.999 26.391
11.943 13.303 13.924
0.887 1.671 17.812
5.962 4.553 8.588
2.749 1.578 2.633
17.987 11.641 4.071
18.332 4.476 6.021
11.414 3.441 8.450
15.588 6.861 17.674
0.580 18.289 0.132
3.976 8.305 6.588
19.032 0.704 9.858
0.555 1.126 15.931
5.199 9.753 20.803
4.240 6.120 17.340
4.842 2.668 5.775
6.055 1.170 2.691
5.566 12.338 6.429
5.724 7.595 2.557
7.663 1.586 13.414
0.231 9.204 2.604
16.811 14.500 10.883
5.697 14.079 9.483
2.887 8.783 4.445
0.820 26.523 12.328
2.762 4.868 3.413
3.352 13.539 8.754
12.038 4.313 7.038
17.686 23.828 2.510
1.446 3.384 10.958
12.906 7.748 9.870
6.956 3.250 2.299
11.705 0.894 17.043
0.087 7.687 6.955
23.004 4.770 16.083
7.096 5.858 6.880
0.021 11.714 18.025
4.259 2.153 9.060
10.870 3.808 19.849
23.583 4.039 6.551
4.395 17.361 7.034
4.125 12.496 23.794
8.178 17.363 3.286
5.980 2.192 9.881
6.068 3.304 4.984
2.647 1.851 17.895
0.058 11.817 1.991
6.338 11.424 16.674
2.109 7.034 22.593
3.386 2.747 8.050
2.241 1.880 6.908
5.166 0.385 4.755
4.486 2.838 2.885
18.065 9.018 21.387
6.417 2.910 6.831
1.534 14.150 20.821
1.499 4.533 9.911
9.323 4.874 7.386
5.458 1.169 12.215
11.870 1.128 1.285
1.647 1.934 6.558
10.112 5.067 1.385
4.974 14.439 3.245
5.162 9.457 7.552
10.275 24.116 10.772
17.048 4.820 9.624
9.987 19.919 10.224
2.188 7.133 5.069
10.109 0.936 0.986
16.623 10.215 10.726
1.234 16.430 0.368
1.677 15.563 7.478
4.812 1.430 9.427
12.446 1.503 15.398
0.678 17.731 0.166
9.209 12.112 5.214
8.859 4.096 13.159
3.701 24.983 3.962
17.295 8.463 2.131
11.742 22.696 0.374
4.771 5.537 10.978
8.076 2.121 7.449
9.164 0.009 2.021
1.572 8.550 8.300
4.567 6.365 13.728
11.210 10.039 9.807
10.586 7.509 3.173
13.094 9.233 3.813
15.044 6.165 17.196
10.933 3.914 11.516
7.574 11.581 1.382
18.073 4.831 0.327
7.584 0.965 6.949
12.566 6.085 1.711
4.081 10.683 10.056
10.560 4.647 0.253
3.714 6.060 7.583
4.592 1.360 16.442
1.741 0.581 2.579
7.786 0.299 12.060
12.993 2.947 5.913
18.872 5.307 17.185
4.893 1.177 4.334
12.405 15.347 17.644
3.732 4.793 10.819
6.283 6.768 7.740
3.047 3.334 18.746
2.689 3.365 2.703
10.994 3.142 4.530
1.979 11.437 1.619
6.114 3.476 9.391
8.041 15.477 18.545
21.903 2.415 1.227
14.764 8.351 15.088
15.682 1.375 14.702
1.824 2.230 12.117
2.756 0.025 7.954
1.772 6.984 22.899
1.985 11.059 14.926
1.711 16.667 4.778
0.147 14.949 1.932
7.109 6.086 4.393
9.778 2.855 8.913
10.127 22.705 1.009
6.551 14.285 0.651
25.337 5.052 7.283
0.256 21.804 6.365
11.618 0.554 10.594
5.012 10.676 2.684
7.466 20.642 6.578
8.465 11.157 5.583
7.692 2.215 10.381
11.012 2.485 1.448
16.862 4.456 1.271
12.531 19.990 0.764
4.882 5.793 0.586
3.253 3.840 3.751
4.049 18.998 4.622
6.278 8.098 5.533
7.955 5.288 7.406
3.962 19.063 8.447
11.137 17.127 5.672
18.362 29.199 1.907
11.932 6.674 8.509
14.246 15.373 11.211
13.565 9.222 4.459
2.123 17.891 11.720
5.764 2.428 3.882
7.451 5.941 16.124
8.900 30.752 2.200
0.102 6.849 7.557
27.572 7.966 17.817
12.615 3.997 12.183
11.162 18.678 9.213
6.568 14.856 1.726
21.070 3.698 18.484
4.838 2.875 1.474
13.081 16.052 9.864
20.316 14.968 5.330
3.280 7.845 10.533
2.359 4.058 9.411
17.588 2.937 12.000
7.652 2.603 7.721
0.504 4.479 9.132
9.191 20.971 9.293
10.547 4.093 11.260
2.119 17.320 6.823
19.547 19.938 16.598
0.681 10.847 10.960
2.605 10.124 7.034
8.615 3.823 6.444
9.039 6.242 1.120
2.955 29.809 7.510
10.558 7.949 5.015
9.436 20.561 6.603
1.409 28.550 4.924
5.375 11.358 6.515
0.968 3.731 12.020
1.679 16.316 19.908
2.818 11.257 2.917
11.753 7.893 2.747
8.195 18.300 8.016
13.107 11.973 3.450
10.103 6.101 17.909
2.809 4.971 2.314
14.325 3.499 9.063
1.691 19.747 3.611
4.769 5.975 1.320
2.713 20.667 0.448
7.751 5.409 18.184
13.822 2.487 3.603
0.884 5.746 14.627
3.517 4.256 3.252
18.355 0.072 11.426
5.683 4.677 3.453
5.876 5.663 12.540
12.839 14.179 1.039
6.022 13.427 6.598
4.961 3.427 4.764
1.065 6.085 4.633
9.886 23.348 0.151
2.033 17.389 8.414
16.419 7.641 19.894
7.669 6.175 8.049
0.803 6.698 13.509
0.515 1.441 3.704
4.881 9.781 3.565
4.163 14.907 8.563
0.135 5.987 9.865
15.346 18.512 15.086
1.918 3.410 10.490
4.177 23.795 6.440
11.417 3.647 8.774
10.961 5.387 10.602
11.696 0.483 4.959
10.870 5.147 6.417
3.773 12.938 0.006
7.388 6.028 12.007
8.466 3.449 7.322
4.219 19.303 10.595
4.416 7.082 0.596
7.452 0.676 11.900
5.297 2.871 0.925
8.023 9.024 14.188
5.116 9.925 0.391
18.818 9.625 1.871
9.945 9.442 7.132
11.913 12.815 15.704
12.788 5.514 4.152
1.655 23.835 7.720
13.289 7.680 14.079
1.402 8.196 20.488
2.401 2.180 0.576
17.275 3.087 6.928
6.977 3.948 0.251
3.679 7.781 5.350
3.134 11.899 0.743
0.191 7.594 6.325
10.200 12.563 4.360
13.194 15.595 7.713
4.346 13.785 11.853
0.187 8.299 9.091
12.494 3.416 6.774
4.512 6.913 6.349
2.308 4.310 2.982
14.392 8.745 1.253
15.710 5.777 22.212
9.519 3.131 6.649
20.161 12.866 1.541
19.123 15.026 0.773
16.479 6.189 19.834
10.864 5.641 12.504
2.340 13.696 17.557
15.846 6.460 2.830
11.720 1.640 16.444
3.177 1.552 7.472
6.937 2.762 0.212
12.478 2.022 5.371
9.488 0.688 4.585
17.669 9.735 1.768
14.002 0.142 8.243
2.956 7.504 3.302
3.676 13.263 1.186
9.067 2.330 12.012
6.985 23.452 0.003
0.307 16.694 11.355
1.656 16.703 11.802
0.280 2.619 4.185
6.362 10.613 6.966
7.722 11.733 4.777
4.549 1.154 3.568
1.572 3.718 7.943
26.278 6.100 2.215
13.906 5.339 5.673
0.557 0.189 16.151
4.580 13.501 0.676
0.856 4.754 10.241
12.020 14.372 8.976
1.829 0.407 5.518
1.776 3.233 5.700
5.869 3.520 3.565
6.762 8.618 4.333
12.267 2.189 4.902
6.834 13.292 10.576
3.040 4.884 1.516
8.978 0.218 15.519
11.139 2.944 5.343
7.190 13.937 2.493
1.553 2.142 9.364
15.440 11.717 7.410
10.326 8.423 4.667
8.921 14.286 13.296
5.108 10.213 0.491
13.433 3.670 12.304
10.870 18.563 5.150
3.616 3.071 9.073
5.883 9.552 0.332
3.625 11.799 6.514
3.405 11.994 1.443
17.956 4.146 19.708
2.925 19.428 1.474
8.628 3.973 6.063
0.725 0.451 4.207
3.995 8.185 8.186
10.139 11.021 12.683
13.091 5.850 5.119
18.410 12.959 5.962
2.930 4.386 0.470
0.489 2.297 14.401
3.801 6.515 2.222
9.266 7.248 9.481
15.050 3.041 0.367
4.987 0.434 0.700
16.981 4.129 14.765
1.268 6.810 7.247
0.694 14.593 1.243
1.836 9.196 8.674
5.778 6.652 16.267
5.572 1.771 10.864
2.092 7.220 5.485
18.199 0.668 9.197
21.627 21.155 3.833
0.279 13.688 7.099
8.488 4.295 1.629
19.696 9.820 19.304
5.989 5.247 3.256
2.647 5.247 7.658
12.641 5.196 9.615
4.260 22.049 1.710
1.029 8.329 8.899
11.220 9.886 16.450
2.137 9.228 0.284
24.430 0.879 6.683
5.641 6.481 2.504
5.696 12.867 20.358
1.522 26.727 11.740
4.220 8.385 6.751
15.431 16.267 7.924
8.433 4.770 10.595
4.803 2.493 5.916
5.461 2.926 5.207
7.079 0.787 3.222
3.330 4.140 1.375
11.415 4.158 7.043
1.032 13.264 1.528
0.619 20.689 10.531
5.931 6.669 7.346
1.871 6.328 5.692
1.574 8.057 10.551
10.442 11.390 0.822
6.304 4.181 3.291
7.020 9.842 4.116
8.755 12.642 3.012
6.180 15.701 11.521
0.498 7.486 15.644
17.091 13.119 6.315
3.673 0.392 20.392
5.875 1.105 3.845
6.535 2.218 14.231
9.118 12.736 8.628
10.184 7.475 25.211
0.104 8.023 0.568
12.920 11.498 9.573
1.651 0.433 3.406
5.808 4.173 12.496
12.344 0.197 8.283
10.154 2.126 9.621
24.127 12.871 6.459
14.502 2.254 13.315
2.979 14.839 2.031
6.207 0.808 2.980
1.673 19.894 6.171
11.387 10.941 3.045
12.531 0.878 3.811
25.084 4.824 1.409
5.961 3.115 4.959
4.377 7.378 11.013
7.338 8.799 16.066
1.693 0.397 1.893
0.640 1.970 18.492
6.358 9.322 6.140
7.972 17.735 14.788
22.134 10.680 2.739
7.574 7.132 3.209
22.331 4.413 8.808
14.263 10.628 0.353
8.368 8.727 1.059
13.823 5.251 11.369
0.467 17.434 1.538
9.230 10.490 4.899
2.140 20.185 30.022
0.569 7.394 20.322
4.412 5.319 18.541
0.724 3.277 7.789
4.762 6.892 17.031
0.803 15.301 5.140
4.900 5.029 4.421
9.677 12.280 11.061
5.728 5.133 13.476
0.052 12.632 0.067
5.357 6.945 13.034
0.138 8.407 9.581
0.317 13.665 0.698
5.283 26.728 0.620
2.105 3.058 6.354
14.574 5.278 6.818
8.714 15.295 17.576
13.487 16.427 18.615
2.959 3.617 5.484
10.108 13.797 6.655
2.544 0.420 0.313
17.411 0.983 9.967
13.308 2.903 6.820
3.235 0.936 8.587
1.385 1.612 10.502
3.173 1.991 12.209
13.539 2.254 18.548
25.878 7.225 0.198
0.684 19.121 7.061
6.922 7.350 22.311
16.126 7.683 6.509
1.446 2.198 6.846
11.586 0.719 1.479
24.683 3.870 16.112
10.427 19.057 6.651
7.638 4.208 11.239
13.814 11.971 11.173
7.351 11.347 10.689
3.233 18.692 0.626
3.481 16.854 7.583
8.143 4.810 19.563
6.381 21.212 0.294
8.130 18.612 5.490
3.885 21.686 10.002
7.916 8.307 9.061
2.610 13.472 24.960
19.215 1.593 7.741
9.337 6.952 10.557
13.157 4.476 14.802
4.309 13.968 16.212
23.435 24.857 4.128
4.582 16.164 6.898
13.414 0.808 1.509
6.177 14.091 5.498
7.128 3.815 0.792
1.139 9.596 9.703
4.126 8.400 2.983
24.324 10.094 4.862
25.972 10.070 3.705
0.557 6.818 4.954
1.691 30.000 5.825
11.290 24.558 5.485
8.410 6.323 17.858
5.462 0.857 5.243
6.647 8.794 3.954
2.534 15.798 1.466
4.134 4.281 3.095
9.270 2.863 8.715
12.208 5.353 10.250
3.571 12.589 8.145
8.064 3.593 8.015
9.124 0.842 7.350
4.905 2.276 11.607
15.706 4.639 7.550
3.844 3.398 9.062
10.804 12.680 13.997
1.581 5.631 16.530
4.401 0.651 1.667
4.734 1.135 9.184
23.917 25.146 0.135
14.268 4.822 5.227
4.760 13.386 13.772
1.707 1.071 15.587
7.930 5.687 6.947
7.604 11.459 11.756
3.918 20.998 19.465
10.133 11.609 6.634
7.465 2.230 6.091
16.860 7.400 11.207
1.757 20.444 5.703
12.807 11.998 2.250
10.951 7.929 25.555
14.605 1.411 13.932
6.801 9.415 6.466
3.182 19.325 16.597
2.171 6.910 0.557
4.599 3.291 8.224
6.035 0.018 8.773
6.568 11.159 23.279
8.041 1.959 12.647
0.889 9.825 4.962
12.635 6.114 4.243
6.611 16.058 3.922
9.740 9.459 1.588
0.168 6.817 3.747
6.560 10.707 2.671
16.034 11.253 8.406
16.526 4.853 9.497
5.142 19.359 4.300
3.405 7.275 9.912
3.619 1.050 0.454
15.694 4.380 5.705
6.969 2.119 6.929
9.069 1.528 7.475
0.902 6.500 7.477
0.644 2.631 17.014
7.060 0.960 0.015
7.253 1.738 19.350
13.550 1.882 7.217
8.212 13.008 0.876
0.761 3.241 8.552
17.386 2.536 7.073
0.092 14.055 6.555
5.389 2.807 13.912
0.798 2.760 6.005
0.277 2.158 17.974
9.985 9.427 1.760
2.038 14.157 0.933
12.411 5.759 1.921
1.988 1.256 2.477
5.264 10.883 2.799
6.427 6.627 3.984
12.048 7.104 3.041
4.936 7.676 3.012
0.103 30.111 0.066
9.195 9.706 8.488
7.506 12.365 10.337
7.022 1.467 14.112
1.340 2.380 22.134
10.129 8.590 4.050
6.739 13.674 19.084
3.280 9.152 3.563
9.989 12.846 2.773
14.589 15.881 24.229
6.377 13.484 7.901
5.715 12.431 3.730
9.686 0.932 18.219
3.964 2.555 1.121
1.750 3.455 5.404
24.777 2.231 18.680
7.012 10.286 15.775
6.693 4.676 11.533
13.231 10.803 7.398
7.910 4.790 4.634
10.699 18.547 8.764
9.846 10.275 14.900
0.331 9.095 13.953
6.971 6.737 4.287
22.237 7.277 0.590
5.385 15.200 1.398
8.386 5.159 4.145
7.489 8.345 28.353
1.422 8.511 4.506
3.333 0.202 11.774
6.076 8.807 11.635
12.288 0.342 16.166
15.180 15.908 2.836
4.909 1.762 4.305
5.514 12.917 7.669
10.563 5.326 11.512
14.604 14.986 0.735
11.796 4.225 12.855
12.076 5.879 6.812
6.197 3.417 0.680
2.498 3.795 2.351
0.226 7.001 17.223
2.457 0.559 1.969
3.656 12.941 5.806
0.140 20.800 8.461
10.227 6.732 3.725
11.233 13.671 13.770
10.182 0.233 7.043
10.500 5.842 7.957
5.997 4.374 2.520
3.859 15.430 18.665
8.977 6.225 3.299
13.959 11.489 10.168
12.728 0.612 8.289
4.248 19.559 23.301
9.015 11.657 12.510
2.128 8.754 7.665
3.139 1.744 11.686
8.223 2.407 18.368
2.944 0.730 17.715
11.716 16.208 5.458
7.120 2.984 11.720
6.710 12.788 8.369
8.196 7.083 2.781
11.588 11.133 24.734
4.829 4.263 0.115
24.474 6.421 8.483
0.881 13.126 3.952
6.775 7.797 2.969
2.291 3.450 6.613
5.984 19.652 1.373
14.232 3.615 16.500
0.609 8.835 0.302
11.318 12.662 1.334
1.971 8.344 13.597
2.157 3.339 26.650
6.339 1.311 13.830
1.649 9.774 15.431
4.532 2.127 7.421
9.527 11.936 1.537
9.284 22.579 15.582
2.618 9.101 7.572
3.020 2.350 14.590
11.228 4.226 4.200
12.042 14.867 2.324
7.716 0.976 7.155
1.479 1.552 14.877
2.679 14.072 17.909
13.129 12.280 4.839
4.300 8.639 10.781
15.207 11.106 2.796
1.561 2.470 4.529
12.209 1.400 4.575
2.239 5.386 9.558
7.418 2.644 1.666
0.666 6.527 16.106
0.734 4.919 1.599
9.838 3.246 16.173
12.891 8.050 13.264
11.942 10.951 1.332
9.997 6.309 2.751
5.572 4.606 9.200
4.273 24.870 5.415
3.397 11.144 1.807
28.320 4.846 15.273
4.088 24.585 26.791
10.365 11.727 8.460
3.270 12.154 14.162
3.737 5.969 6.536
9.393 16.770 6.329
8.401 14.956 18.061
14.643 0.759 15.120
10.182 11.877 1.658
1.278 4.015 0.194
4.486 1.430 5.325
1.888 6.141 21.269
4.659 7.457 0.576
1.858 9.909 7.200
10.158 5.900 11.071
10.302 2.949 19.859
6.895 8.769 11.332
24.309 8.009 3.491
4.781 10.817 15.090
4.117 16.357 3.000
1.316 13.212 8.237
17.477 1.778 7.247
0.123 2.650 0.186
4.890 5.672 2.316
8.868 8.430 3.383
1.241 0.819 4.951
2.871 3.601 6.948
3.571 3.471 6.699
0.981 6.361 17.163
1.802 2.266 0.101
16.569 2.642 2.878
4.039 1.863 1.778
6.987 13.040 1.756
25.834 2.310 4.822
11.815 2.338 0.398
3.377 2.030 19.034
7.758 3.540 0.590
8.329 4.764 2.689
12.208 7.256 10.343
4.704 4.122 5.559
2.790 3.074 0.140
1.091 6.642 5.191
10.580 13.036 7.605
7.174 0.961 2.854
13.527 4.043 13.885
13.033 5.513 0.437
3.659 16.663 14.549
6.450 1.750 8.314
0.930 2.982 0.785
8.457 0.774 14.088
13.262 20.525 16.711
8.237 13.992 10.828
7.720 9.955 15.486
3.429 1.944 9.505
5.421 12.785 8.310
4.121 9.487 0.075
8.589 23.153 28.781
2.389 5.216 13.622
2.528 4.429 9.715
0.957 14.305 2.279
15.270 20.272 19.569
3.555 17.165 0.089
12.384 9.156 6.034
14.915 12.510 9.482
2.748 22.001 2.922
6.433 16.060 9.533
5.408 11.107 17.901
27.633 15.557 22.275
9.721 1.000 8.628
5.429 2.150 3.227
3.485 11.127 8.500
14.764 8.134 8.817
1.975 9.737 7.780
15.931 2.300 12.656
10.504 0.373 4.226
3.810 5.737 6.754
9.699 0.418 20.968
1.035 3.388 6.779
10.195 11.122 7.795
11.253 3.725 1.705
10.583 0.583 13.037
3.492 3.029 2.714
12.351 3.621 1.322
4.667 4.897 6.585
3.315 3.632 9.261
1.278 6.232 5.489
0.644 5.469 4.254
3.786 21.849 4.876
3.878 5.494 2.028
13.217 12.070 9.274
14.144 3.289 11.063
10.546 0.042 9.299
7.393 18.025 1.076
2.618 8.138 4.267
12.159 3.738 4.448
3.634 10.048 2.858
1.455 16.683 17.072
13.287 8.323 18.188
4.051 3.092 10.530
3.945 9.641 2.722
2.455 12.453 15.062
22.282 13.097 4.120
4.601 6.535 1.913
8.840 20.086 3.822
8.202 11.069 8.323
9.541 6.601 1.959
4.713 8.001 19.373
28.568 1.466 0.807
7.249 12.818 8.275
27.331 17.933 14.582
5.385 1.256 0.563
11.782 6.418 5.548
3.953 4.310 5.926
2.509 5.589 7.619
5.174 14.074 10.782
21.413 12.153 0.089
12.736 5.910 2.135
17.232 10.059 15.270
1.176 8.667 2.730
7.157 0.883 9.319
17.786 0.843 6.388
10.078 4.742 5.112
16.102 4.907 3.407
11.986 7.954 10.375
2.061 2.224 18.594
3.132 11.302 1.788
4.780 20.616 5.537
0.066 2.255 2.102
11.497 3.966 7.859
3.909 6.008 0.523
4.382 3.222 6.689
5.942 16.835 5.900
6.028 18.252 1.142
2.404 0.019 16.383
4.381 7.054 26.473
1.307 10.947 1.219
10.837 12.745 5.364
0.368 10.103 11.707
7.919 0.268 1.513
12.020 4.364 5.912
6.603 18.173 2.838
1.157 15.518 3.024
30.065 9.473 3.706
0.705 4.008 9.114
8.876 2.604 17.622
4.505 7.165 0.317
2.311 18.713 2.473
9.065 7.388 10.494
8.712 5.156 21.597
4.390 1.787 0.404
12.854 10.828 1.894
13.233 8.758 8.129
11.220 14.654 3.256
12.244 7.160 9.664
12.615 4.285 1.269
0.257 4.607 1.664
5.483 1.219 1.161
2.452 10.532 16.488
4.178 0.281 1.251
0.453 2.499 4.128
7.009 18.324 3.252
7.834 2.684 14.630
10.859 15.843 8.143
25.257 6.129 0.551
4.584 7.924 4.265
10.125 5.369 7.639
22.138 6.915 5.892
6.018 13.141 1.543
16.232 10.964 8.898
1.718 10.194 20.438
12.021 6.511 1.339
0.708 19.703 1.745
5.807 14.649 22.971
14.383 5.319 22.984
0.361 2.789 4.225
1.768 14.948 0.923
5.230 5.965 9.546
4.417 6.255 12.318
6.040 17.321 13.498
3.710 6.873 19.526
10.364 12.373 0.633
5.290 5.436 12.364
4.856 6.865 4.452
15.848 0.696 9.835
3.868 5.682 0.856
8.058 5.064 20.833
17.701 13.204 5.759
14.424 5.605 8.704
3.903 5.125 5.854
3.666 8.373 9.355
6.676 10.490 16.432
10.793 19.999 7.352
2.313 12.999 0.073
4.809 8.660 11.745
0.963 0.103 3.062
11.801 1.059 0.615
2.396 8.175 24.757
10.613 7.823 9.304
5.937 8.381 5.297
5.575 10.978 12.446
7.331 7.982 17.045
0.054 17.322 11.397
2.788 1.204 7.267
6.299 12.123 13.391
1.113 2.821 11.541
2.338 17.091 4.876
11.595 10.033 7.798
2.716 8.804 2.742
8.210 1.396 15.839
1.669 3.830 6.383
15.764 4.116 5.459
9.211 17.292 6.021
9.203 12.795 1.612
10.291 7.504 7.595
6.080 13.766 4.781
7.207 3.737 11.696
8.503 6.357 12.345
11.479 5.257 2.667
14.235 12.566 9.554
2.977 7.365 4.774
2.545 17.274 6.713
5.085 2.799 0.456
4.390 5.077 5.294
2.540 9.281 1.281
19.872 11.149 5.573
21.655 25.144 20.552
11.095 14.586 0.368
9.986 8.847 3.986
19.679 10.153 17.382
1.207 1.316 4.398
2.640 5.960 0.262
2.000 7.834 8.891
7.241 3.506 8.826
2.256 14.321 8.541
12.574 11.705 17.403
0.159 14.927 0.982
14.581 4.114 4.378
8.946 9.961 5.258
0.065 2.622 2.453
8.970 7.103 24.505
11.793 7.992 3.364
5.096 20.146 12.496
2.463 4.868 9.023
2.957 7.784 8.271
2.739 4.432 5.556
0.632 15.883 0.160
3.982 1.238 14.685
5.840 5.235 2.986
1.176 2.104 8.294
14.156 20.921 17.507
18.847 13.841 13.262
2.712 2.210 19.067
9.196 10.022 8.013
3.282 10.719 1.528
2.638 1.465 4.995
2.807 12.227 11.875
7.602 0.975 1.754
4.330 15.395 11.038
12.132 14.624 9.798
7.395 2.216 16.800
5.856 2.730 14.686
0.644 4.979 12.883
7.099 5.810 11.321
11.641 7.149 1.989
25.604 8.820 1.392
3.330 13.446 4.174
7.551 27.354 21.287
3.502 9.285 10.279
13.013 5.288 14.293
0.279 0.322 11.674
0.464 3.320 10.981
14.359 18.334 10.972
1.288 5.164 15.823
11.073 10.129 7.285
1.614 11.906 15.098
10.412 12.462 18.058
12.760 14.648 3.036
12.991 17.663 13.778
22.297 7.668 1.907
1.106 14.743 13.305
10.331 11.427 0.952
16.281 8.125 0.384
20.223 5.535 3.043
0.515 5.334 8.552
0.649 5.105 13.983
3.487 1.253 10.356
11.529 7.404 12.880
4.529 9.227 1.285
18.745 12.691 21.863
16.455 18.383 1.531
10.210 6.300 4.225
12.407 6.509 6.845
7.745 2.974 0.659
14.141 4.621 20.919
9.843 14.242 0.250
0.455 7.607 9.400
7.445 8.499 2.030
5.753 7.061 5.946
4.757 10.738 4.591
5.803 0.252 3.072
1.932 4.419 0.296
17.333 12.365 3.317
10.036 6.977 9.541
7.836 8.256 14.970
12.080 24.102 15.605
10.946 4.410 14.615
2.399 6.503 5.390
0.162 7.066 16.582
8.617 24.260 10.726
13.602 1.682 5.019
7.185 6.258 0.581
16.875 0.719 14.021
1.147 8.474 7.335
1.662 14.265 4.781
10.049 9.102 12.256
4.878 1.347 8.209
5.688 6.602 1.914
13.762 8.843 2.511
0.314 5.573 7.588
13.368 15.657 12.544
2.885 14.048 4.379
4.987 2.058 2.677
12.906 0.272 3.058
8.562 10.012 4.404
22.986 22.051 7.851
5.632 10.183 4.128
13.261 4.013 3.150
18.778 7.325 8.687
0.092 3.856 18.552
1.822 5.149 2.247
7.627 15.724 1.925
7.603 10.377 6.579
8.898 2.401 15.827
1.406 8.796 2.167
4.329 1.517 5.955
6.526 7.004 2.032
2.376 11.002 11.486
6.420 10.638 5.730
3.630 11.185 0.832
21.957 11.658 5.334
7.082 3.846 6.272
11.903 3.126 14.434
4.347 9.428 0.015
6.139 3.288 2.554
3.077 0.710 2.986
4.765 14.420 9.043
3.820 7.980 10.399
1.423 0.076 16.426
5.602 0.002 3.868
3.079 7.165 10.705
8.254 6.117 8.297
0.973 9.309 6.250
10.867 3.084 0.656
2.579 7.820 4.120
10.919 8.648 5.531
2.516 11.873 24.440
1.919 17.614 7.136
16.238 3.015 6.333
2.542 5.680 23.050
10.672 2.644 8.068
10.685 4.495 3.384
10.993 5.548 3.976
8.619 1.392 3.347
6.509 17.296 4.330
4.754 5.698 11.245
14.594 0.044 16.134
13.182 12.399 16.421
0.585 14.349 1.344
21.863 1.514 9.109
4.871 5.601 22.013
0.602 2.287 11.796
4.972 18.396 13.872
10.829 13.401 0.357
7.049 4.751 6.244
0.584 4.433 5.687
5.686 3.414 8.556
7.276 10.486 3.468
4.630 15.619 10.320
0.952 21.775 14.774
1.116 13.177 1.522
6.454 12.869 9.133
8.446 3.236 8.049
11.209 8.563 7.935
8.228 0.981 11.298
9.131 10.065 5.645
7.331 12.561 5.852
8.247 5.639 23.519
1.211 5.851 22.212
1.922 0.085 6.492
11.670 13.209 0.782
5.722 9.024 10.381
9.632 4.449 11.516
3.782 8.229 25.499
7.068 5.614 11.388
0.413 13.480 18.065
18.776 10.821 13.572
3.527 9.897 9.905
3.146 11.402 10.655
6.649 4.484 11.624
21.785 8.953 10.370
6.246 1.852 3.080
3.841 7.568 6.364
4.331 19.280 5.314
15.930 12.642 7.446
4.649 1.743 6.789
23.456 6.166 5.224
13.513 2.448 16.210
13.170 9.275 12.961
23.046 21.532 7.739
3.195 6.087 7.759
8.434 13.705 14.725
9.834 10.426 7.883
25.692 4.991 11.512
0.743 0.835 4.022
24.731 19.869 7.254
3.705 9.505 15.524
6.622 5.288 4.139
2.897 0.871 0.908
7.505 8.002 4.779
16.950 10.878 12.406
12.366 8.625 11.121
2.025 2.716 6.183
4.791 3.520 9.067
14.078 0.901 6.143
9.073 11.007 4.477
5.483 5.877 17.337
2.933 6.632 6.148
4.781 14.301 10.648
9.669 4.123 17.087
5.979 2.246 9.717
8.783 11.547 6.427
5.032 5.513 4.921
10.628 15.832 5.315
27.310 6.957 3.967
16.523 28.206 2.793
5.689 5.788 1.101
1.220 4.784 2.550
8.448 6.968 10.081
11.857 10.752 9.995
23.911 5.560 2.031
4.875 3.453 10.865
1.220 5.632 7.057
1.715 12.265 3.304
4.244 4.108 15.333
6.428 16.229 14.997
0.679 9.984 7.849
12.141 9.561 9.420
2.719 11.472 6.733
9.686 14.600 7.084
1.347 4.692 1.083
2.230 20.274 6.145
8.832 8.695 4.046
13.160 25.857 5.350
7.734 4.590 22.910
7.554 0.242 7.101
3.540 2.942 7.985
6.438 6.001 3.308
9.151 1.796 17.125
11.982 5.151 9.200
12.206 8.997 13.658
17.269 16.541 10.736
0.742 12.797 3.574
4.263 8.034 5.069
10.354 8.022 2.935
5.221 14.919 2.869
3.862 8.505 12.380
6.517 3.309 7.719
0.732 9.089 13.862
22.359 13.816 8.793
0.862 18.959 9.479
12.358 0.481 2.058
4.808 11.547 6.454
0.679 14.057 3.931
7.145 7.384 11.599
7.841 3.627 17.459
1.034 10.637 5.630
6.555 19.267 6.377
18.851 12.906 2.787
10.202 12.361 12.960
15.442 0.043 14.915
5.252 6.702 6.379
6.391 7.689 17.613
4.093 2.577 16.531
15.305 9.815 2.105
10.493 1.208 6.163
17.530 2.814 2.556
23.307 2.657 1.362
7.338 8.844 5.863
9.874 6.918 0.859
5.548 19.629 0.571
6.679 15.850 0.621
9.299 4.008 0.963
16.840 5.885 0.940
1.824 11.166 3.351
2.840 12.150 13.751
0.205 21.565 4.080
18.319 3.319 16.361
1.782 2.449 8.470
9.693 0.891 8.882
12.457 0.296 0.032
3.967 16.358 16.998
1.761 9.681 7.651
7.746 15.419 11.142
2.599 0.569 5.643
3.359 9.437 28.077
14.258 17.127 21.287
2.025 9.480 4.422
5.744 0.494 10.065
22.242 7.054 15.001
1.461 1.845 19.999
13.082 0.632 8.759
13.527 8.344 2.403
4.055 11.096 8.860
17.775 0.980 5.715
1.325 9.719 9.968
13.162 4.234 18.358
5.133 7.823 4.581
11.463 9.018 1.172
4.835 14.349 10.037
6.726 3.916 4.460
8.722 13.825 11.157
12.964 15.841 14.896
4.920 6.859 7.569
4.274 1.110 3.808
1.190 16.632 7.351
2.760 20.081 9.678
3.767 2.529 29.359
12.302 3.509 0.144
7.171 11.506 10.364
0.680 13.518 20.478
11.832 13.599 10.464
3.197 19.975 5.232
13.118 6.840 4.309
6.611 7.278 11.983
10.131 18.373 8.315
9.464 10.589 2.628
12.793 6.692 5.523
0.659 9.668 0.812
19.176 1.218 5.252
3.846 10.737 0.038
10.092 13.660 12.172
10.876 16.625 11.409
7.091 7.109 3.459
3.959 11.585 6.665
3.511 17.941 6.480
11.323 0.993 13.389
1.405 4.867 6.524
10.377 3.296 2.969
12.402 3.045 3.474
9.062 4.231 2.398
6.750 2.535 14.689
7.213 9.013 0.383
3.421 6.657 6.384
12.487 19.505 22.855
1.203 0.059 4.104
1.348 3.210 19.543
8.403 17.758 7.207
2.370 5.069 2.616
16.971 2.787 12.483
14.223 0.971 5.967
3.928 8.346 8.302
9.546 2.880 1.879
11.281 2.039 7.227
1.900 8.122 14.899
13.357 1.729 12.636
7.286 4.548 2.761
8.612 10.380 25.443
5.420 2.165 10.512
4.489 19.614 3.220
0.127 4.891 7.621
13.752 9.974 9.874
11.955 0.840 6.887
0.285 6.705 11.750
9.212 11.005 6.533
2.451 6.770 9.526
3.729 5.103 7.077
18.729 10.714 16.535
6.077 7.358 2.901
13.835 1.037 10.268
2.715 18.434 16.896
5.131 6.083 6.175
6.736 4.694 7.482
9.696 7.033 1.047
15.720 13.371 5.607
8.335 15.465 11.562
7.394 13.258 1.156
9.518 3.920 13.232
6.579 12.991 12.335
2.625 6.357 7.948
19.444 13.003 8.458
7.195 8.215 10.987
4.994 2.498 12.222
20.427 9.634 2.859
12.390 22.284 15.875
10.215 16.600 11.251
0.650 5.695 8.055
2.518 8.365 11.453
18.367 15.663 7.233
2.344 3.542 4.283
4.602 2.806 15.575
7.887 6.913 9.454
9.849 1.488 19.023
9.163 0.121 0.635
8.921 0.759 19.752
2.028 6.276 9.307
22.993 11.584 2.520
10.140 15.483 11.403
11.916 7.083 2.259
24.743 4.954 0.357
2.966 3.591 6.894
10.587 11.936 3.299
13.022 9.660 2.711
0.494 4.325 4.932
0.897 4.467 3.507
2.286 6.357 5.848
0.771 14.187 11.366
17.681 16.122 7.373
5.349 7.869 12.170
19.476 7.785 0.341
1.043 1.593 15.636
3.506 6.926 7.275
2.973 0.145 3.580
10.446 3.130 7.722
2.401 13.594 5.059
7.085 0.755 14.732
9.562 0.910 15.293
17.529 2.590 3.450
1.334 1.854 6.903
24.010 16.743 11.761
1.246 3.856 17.540
26.480 7.368 7.134
11.374 9.411 10.687
2.164 3.850 12.556
6.904 13.061 12.384
7.355 11.051 12.937
18.747 10.065 2.091
7.840 11.543 7.292
16.787 2.486 7.943
12.902 2.852 4.459
11.494 2.828 8.787
1.723 19.292 13.279
4.895 12.544 19.082
4.661 17.705 7.901
17.339 6.742 0.651
2.949 4.607 5.221
5.825 5.462 14.547
4.707 4.057 21.175
5.238 16.440 4.668
3.996 5.081 3.728
2.451 2.272 15.788
11.053 3.415 2.682
13.297 6.057 17.170
17.720 4.104 3.987
16.283 1.501 4.151
12.616 7.270 2.385
10.612 8.036 15.167
14.980 22.658 9.597
14.766 21.953 2.157
0.979 7.391 11.657
13.447 0.562 1.603
17.063 11.841 0.673
8.556 10.284 15.851
4.909 8.416 18.742
4.133 6.631 8.653
1.652 1.305 0.301
1.876 2.802 1.407
6.309 23.191 18.820
14.154 8.009 8.796
4.175 2.637 0.010
0.969 3.773 1.917
13.471 3.226 15.327
13.887 19.544 4.231
2.320 21.411 17.187
6.146 2.063 19.623
3.304 1.962 0.434
3.197 0.194 2.469
11.114 3.228 1.600
4.963 0.506 17.339
6.290 0.926 7.341
3.349 6.237 13.660
1.020 16.979 6.685
14.899 0.047 4.205
1.380 16.427 0.415
6.865 8.248 16.512
5.569 7.767 0.920
11.839 9.734 1.847
3.000 4.254 11.787
1.944 0.641 3.456
16.858 9.645 3.264
4.978 23.508 13.503
2.772 5.781 5.915
22.867 33.333 16.027
9.913 10.439 14.979
13.838 8.453 0.569
7.025 16.542 16.220
4.208 2.154 14.018
11.698 12.091 12.643
1.405 6.435 18.669
15.295 9.707 6.681
1.700 1.404 7.107
18.168 24.594 3.734
12.659 1.735 0.993
14.311 4.784 8.335
3.352 3.306 7.463
4.640 10.542 9.883
8.988 1.158 6.214
6.469 2.121 8.590
0.361 3.042 12.335
8.016 8.925 11.311
11.417 17.266 5.164
10.103 4.676 1.442
22.085 7.050 7.779
5.245 0.881 12.628
12.878 15.684 9.295
23.430 13.113 17.279
5.299 0.966 0.148
24.428 2.601 12.896
10.165 11.866 9.365
7.725 6.036 11.752
0.926 2.479 4.763
10.258 12.413 7.547
22.826 3.486 9.274
4.749 1.606 5.354
2.009 3.314 12.179
2.282 18.268 7.746
0.547 7.769 7.411
10.966 3.034 10.077
6.756 3.728 14.083
4.319 9.529 2.096
2.382 3.513 11.460
6.284 5.943 11.859
10.304 24.084 0.337
19.492 0.907 0.257
4.081 1.158 1.547
11.686 13.241 16.058
1.216 3.865 1.341
4.749 20.370 20.289
3.207 23.645 14.818
12.688 9.036 3.193
11.257 16.727 12.662
2.293 14.299 12.219
5.649 29.683 13.678
11.465 1.728 13.607
18.420 2.380 8.153
3.185 3.385 3.824
1.567 7.918 3.868
3.731 1.303 16.636
8.372 16.935 7.280
12.842 14.505 8.464
28.959 19.495 2.679
2.563 24.082 5.826
11.893 4.186 2.777
8.337 0.814 5.286
9.166 6.092 0.573
1.848 5.584 31.396
3.863 1.792 13.283
5.683 1.726 1.612
12.155 2.438 2.223
3.444 4.399 5.885
2.393 5.099 6.837
4.923 4.910 15.272
2.538 8.839 2.485
5.158 2.566 0.994
16.174 9.956 17.530
24.026 14.277 20.262
5.381 3.403 1.276
6.638 3.111 16.897
7.041 1.504 7.816
10.583 6.315 10.245
0.075 22.296 15.643
8.316 13.244 7.521
17.978 0.411 6.642
10.186 1.529 11.509
12.000 1.752 6.378
6.175 1.573 16.734
10.453 5.189 4.816
0.720 5.803 13.403
10.685 7.375 2.889
2.102 3.278 8.675
2.658 17.436 1.022
2.206 12.257 9.855
5.597 7.374 1.544
14.598 5.991 20.471
4.964 8.860 4.201
9.470 11.952 4.551
9.047 23.470 2.572
3.294 14.866 1.173
2.930 10.381 15.481
3.457 11.463 3.936
2.900 6.586 15.193
13.626 11.580 20.470
3.180 4.955 7.132
14.130 15.402 19.746
3.961 4.892 6.184
7.774 1.107 16.496
12.276 9.638 5.439
7.227 0.742 1.230
4.245 1.166 13.688
0.185 24.011 7.175
8.324 12.967 8.539
2.980 8.937 9.570
9.552 2.018 0.646
3.604 3.478 5.061
4.106 8.986 3.071
1.762 5.408 19.624
1.655 2.755 5.877
4.111 9.090 6.000
11.900 7.348 1.842
15.811 11.253 13.244
1.025 6.994 0.964
25.307 11.917 18.023
5.510 15.894 2.548
