996 2628
196 522
181 437
130 607
265 415
300 37
183 376
792 298
75 160
889 523
929 538
438 688
831 886
463 231
373 464
528 596
966 784
79 823
744 268
871 315
619 802
546 933
901 352
485 810
318 633
102 912
563 606
470 916
507 922
757 551
510 437
525 550
700 295
74 442
55 699
402 501
976 410
357 423
837 42
969 687
235 456
187 742
529 993
122 273
694 81
361 114
14 84
179 842
255 885
589 522
870 305
81 680
816 831
726 987
325 978
751 266
533 382
918 82
280 23
985 265
878 625
652 903
449 529
754 868
567 739
930 525
169 837
393 551
176 945
256 674
986 788
567 227
951 188
995 533
299 384
893 909
509 345
920 191
94 720
850 960
374 440
364 825
149 905
975 29
689 761
211 320
303 869
72 303
954 280
3 460
928 719
743 283
928 632
345 832
471 519
882 211
212 347
379 989
227 806
664 465
853 427
443 76
232 681
983 288
235 987
145 503
242 340
409 560
764 772
680 779
612 336
961 52
692 5
749 52
895 85
143 335
558 96
756 727
979 134
886 258
948 350
147 399
681 971
316 259
744 433
925 463
656 647
123 829
113 550
130 137
132 616
393 924
478 589
940 342
248 863
992 472
519 327
685 400
723 223
486 909
641 78
73 540
699 816
911 756
827 634
4 35
649 111
685 654
942 409
873 713
748 408
897 979
860 961
661 357
576 41
117 652
216 164
248 725
339 766
985 778
965 937
822 274
697 49
203 351
528 206
757 23
371 955
190 477
756 270
279 115
713 445
641 240
862 8
93 768
611 373
91 417
101 890
359 619
747 850
542 134
741 176
122 253
584 778
807 510
25 770
281 424
283 476
446 568
12 195
216 436
238 464
15 192
210 650
174 604
106 971
819 915
751 899
883 657
853 389
377 910
309 664
517 872
385 725
153 592
409 510
249 255
12 207
97 648
611 169
352 37
43 155
192 676
213 909
894 678
161 802
293 607
956 400
943 288
502 485
820 477
15 971
17 472
53 554
734 176
186 39
85 787
233 461
365 78
242 283
278 368
597 30
567 698
658 703
625 365
291 58
402 670
22 885
962 486
2 810
721 578
223 86
474 370
644 138
882 685
186 46
139 834
768 516
602 841
345 186
717 765
696 606
880 37
628 899
591 116
781 874
133 775
357 814
694 359
126 464
915 813
594 638
701 954
95 479
210 887
525 236
512 762
821 89
915 743
588 903
381 927
405 708
463 456
251 517
364 182
697 163
761 446
851 422
372 952
358 97
949 642
623 764
57 864
349 183
386 492
504 501
693 653
675 398
17 133
439 732
758 625
634 406
908 243
485 398
269 156
217 155
808 925
983 390
671 668
431 333
342 120
734 483
713 742
458 621
275 177
928 720
563 684
906 73
143 933
153 321
65 182
598 461
504 508
257 911
55 108
152 962
375 620
497 32
835 922
86 938
927 544
553 839
827 449
296 269
577 140
244 184
798 206
634 256
905 808
817 702
802 724
31 305
676 698
456 392
935 784
882 553
744 69
535 406
767 712
623 770
311 785
22 346
797 960
620 4
289 745
113 187
643 872
323 982
220 374
662 261
23 355
851 460
556 547
681 798
252 268
876 777
553 985
842 649
682 674
974 977
973 887
344 143
436 829
510 209
737 115
848 154
539 126
61 270
941 9
690 254
156 550
430 61
676 970
185 100
318 631
894 607
36 35
878 814
618 53
738 654
25 189
73 34
401 349
542 764
468 136
391 271
933 599
482 828
728 455
853 854
789 873
464 537
672 707
584 293
243 287
970 613
76 193
918 88
828 523
829 433
387 640
262 114
856 613
636 950
346 843
348 416
774 204
298 214
317 346
376 553
820 570
659 969
218 890
827 600
61 853
928 16
16 852
628 612
38 111
297 39
30 260
357 197
324 623
56 133
850 381
357 65
657 653
51 394
711 29
804 641
294 18
258 979
723 563
539 28
787 221
857 825
342 325
92 79
348 225
459 46
44 669
703 259
10 342
450 679
456 130
977 288
903 621
712 542
302 106
966 407
882 415
387 654
647 841
654 592
13 376
325 875
931 256
54 876
608 243
402 590
275 219
830 427
902 980
122 772
489 165
439 670
962 892
603 57
914 474
76 722
537 96
764 551
622 422
875 492
576 911
705 400
872 85
763 339
304 279
570 900
274 201
437 651
739 474
436 735
745 492
281 951
507 276
677 16
384 883
991 688
425 220
45 177
42 562
572 153
888 43
918 830
631 452
522 8
794 821
176 746
566 337
487 621
933 141
148 971
728 426
545 925
486 26
547 548
487 311
463 318
567 713
205 776
775 278
691 875
543 833
862 430
828 10
916 836
280 548
561 165
912 511
736 723
277 547
114 967
650 600
967 662
28 630
55 89
991 893
975 408
500 824
747 860
91 208
589 113
129 72
129 563
459 276
672 765
848 104
420 275
683 5
779 777
524 921
549 596
198 514
325 410
273 172
573 498
33 249
427 464
564 183
531 477
511 686
325 50
639 319
649 554
927 601
826 857
42 930
703 555
946 558
801 976
877 815
696 257
663 462
495 125
704 586
711 861
803 933
127 252
241 955
24 658
352 47
831 649
856 373
673 401
839 851
454 503
576 708
99 81
670 109
798 635
858 213
109 301
311 732
781 794
116 353
708 506
692 348
838 152
110 771
509 953
863 725
628 177
298 706
550 426
532 673
93 992
738 74
991 987
243 322
764 800
696 117
396 822
953 540
92 142
39 174
938 555
758 621
887 17
817 125
247 886
504 336
750 941
568 612
842 79
290 640
112 352
993 489
663 571
690 11
600 746
804 582
397 12
739 164
338 987
259 146
279 898
212 509
910 972
217 571
476 442
292 480
632 298
373 46
383 453
264 232
945 588
177 986
327 390
553 294
437 915
104 809
710 65
414 87
306 862
611 73
866 707
443 126
929 550
870 782
124 358
162 730
605 38
843 871
681 750
846 304
830 99
245 124
25 441
342 388
400 21
681 639
305 70
119 937
337 177
233 699
325 69
769 890
223 589
60 361
440 547
45 838
29 247
964 121
660 274
458 982
957 753
136 845
51 932
324 367
808 266
406 626
889 788
122 839
643 517
741 75
599 56
524 31
386 665
25 885
426 61
279 397
674 775
713 288
350 489
261 871
905 635
514 963
671 616
256 515
684 860
500 269
465 357
502 994
284 81
525 174
882 187
631 67
87 326
34 981
626 321
746 628
517 510
685 471
727 828
454 895
531 302
679 606
958 517
823 254
842 798
717 312
519 172
337 267
724 865
162 941
697 321
238 931
315 316
619 266
505 363
786 121
751 611
790 593
497 990
828 630
890 197
936 646
895 852
804 34
199 861
754 532
6 548
905 494
393 884
286 308
605 916
452 964
855 13
622 360
550 142
462 843
675 232
66 875
727 158
621 720
325 57
200 147
772 726
493 680
98 184
937 312
313 606
343 709
969 143
977 929
281 615
63 300
32 464
72 871
288 932
414 334
446 271
124 496
205 826
915 849
950 879
284 352
656 185
875 79
554 552
5 202
955 782
387 854
341 695
305 62
35 606
181 777
222 240
225 231
575 564
500 498
890 397
327 96
49 805
142 87
7 504
319 113
928 17
825 545
556 343
350 146
5 968
601 573
467 402
838 818
983 447
342 196
842 592
31 873
276 94
26 802
61 481
373 319
675 806
267 899
16 174
751 816
202 834
421 350
539 215
545 55
404 580
395 2
37 142
43 529
479 983
457 27
315 234
196 827
729 858
306 368
735 729
607 131
148 624
490 100
258 947
880 932
58 352
9 503
62 587
412 250
786 383
735 341
740 970
526 325
825 409
23 302
480 837
944 903
583 509
642 497
833 393
368 678
23 415
279 444
483 247
943 94
375 61
514 586
915 66
4 796
368 309
385 444
921 175
571 653
473 94
777 20
76 891
24 294
854 846
646 698
920 981
831 959
392 665
165 711
196 742
272 158
239 917
130 20
888 921
878 163
810 395
69 891
291 27
510 109
538 56
430 505
159 509
589 603
367 776
350 304
978 521
690 149
565 845
843 615
166 221
920 988
232 778
160 849
89 603
220 251
481 423
792 278
168 667
723 148
890 908
417 873
377 465
505 80
678 203
38 540
337 450
122 459
217 591
625 795
20 238
171 583
164 836
67 205
983 491
52 951
457 55
208 602
854 971
908 170
506 742
305 398
859 214
443 329
683 4
864 111
249 132
835 321
124 323
295 539
495 532
215 949
183 111
404 421
209 526
801 322
945 594
289 568
843 971
181 736
270 135
218 494
830 616
856 825
802 419
659 278
288 83
567 734
92 830
462 945
832 392
46 767
602 212
637 161
553 904
476 969
676 542
778 206
135 319
799 281
855 795
870 46
659 244
590 694
256 545
644 522
558 927
650 388
27 366
846 587
429 484
343 354
330 174
41 785
869 97
636 793
525 853
290 819
461 932
118 688
212 971
587 513
986 619
538 678
214 40
743 20
764 127
820 185
456 502
148 404
593 257
933 534
979 898
633 716
929 775
664 938
596 535
316 388
158 948
363 348
40 905
112 822
34 719
84 338
394 419
624 839
665 97
271 91
917 820
57 235
113 454
39 399
242 281
336 964
769 376
140 952
731 176
913 53
914 723
759 582
32 987
477 458
275 659
825 610
146 296
884 187
247 432
212 406
552 533
769 123
121 271
549 477
788 432
269 575
867 291
795 970
147 844
901 949
894 201
395 781
250 847
666 783
458 529
519 972
461 410
84 797
582 116
535 844
954 48
20 496
133 765
716 942
82 575
745 109
545 24
835 889
801 569
253 787
416 957
221 719
204 664
373 708
232 199
147 519
175 676
948 242
987 482
37 328
62 661
928 110
251 978
147 15
992 395
371 387
443 30
335 595
873 979
840 965
343 569
733 956
358 442
409 287
637 64
416 422
680 370
437 16
369 141
337 273
724 859
174 534
33 419
804 326
511 142
60 860
518 768
635 976
597 230
211 66
769 843
846 477
412 734
613 905
958 257
227 281
619 523
801 909
913 128
778 289
671 355
489 281
960 623
776 684
282 192
983 34
864 938
845 835
763 156
47 79
807 464
275 266
520 37
336 492
562 791
407 574
319 648
983 543
195 477
478 881
617 30
546 601
929 829
397 948
170 701
553 76
702 385
223 437
11 648
838 650
786 113
500 718
795 670
742 204
30 216
931 367
55 240
511 402
904 843
137 835
780 51
946 250
32 465
35 124
92 123
100 491
952 348
348 156
408 943
278 691
671 749
159 340
548 706
329 403
811 941
651 715
836 8
231 582
592 540
278 295
924 763
464 825
558 293
93 748
693 163
731 16
4 809
297 37
885 428
687 175
545 799
33 834
984 915
753 924
437 278
775 696
25 652
879 516
97 769
795 64
356 870
35 471
628 427
495 705
940 356
10 340
506 592
915 862
550 782
684 975
628 564
261 938
813 749
542 67
746 243
66 885
732 963
647 732
275 108
5 758
105 276
845 248
490 499
890 318
913 893
916 37
827 31
303 913
321 469
230 242
179 861
735 688
778 510
502 647
966 396
95 753
734 295
113 593
203 429
151 95
975 792
63 498
715 716
378 957
660 203
152 418
101 438
355 455
748 585
146 749
415 353
509 764
507 921
845 616
811 261
942 985
763 12
401 963
774 556
617 825
154 985
670 134
266 191
311 956
518 543
561 433
501 137
394 532
353 656
722 595
94 882
802 885
369 196
962 989
234 80
880 546
628 971
97 722
654 650
338 796
492 899
626 311
572 776
367 923
246 44
817 619
378 92
306 282
327 979
399 454
493 50
307 414
332 939
411 847
991 952
517 108
584 854
252 996
623 280
399 375
368 838
424 726
945 2
984 600
821 752
337 557
629 263
667 605
743 884
211 146
217 767
236 327
670 177
22 78
45 871
472 820
473 406
609 770
738 368
642 80
428 333
102 767
767 336
877 272
951 521
218 703
332 817
231 786
425 164
483 423
246 193
432 330
70 484
717 418
220 606
166 971
633 965
444 188
266 217
819 911
783 198
730 452
228 907
107 427
570 506
737 557
466 70
343 652
930 888
112 141
850 757
331 816
906 734
303 212
876 985
993 808
635 101
85 465
566 128
52 891
532 16
881 229
239 173
334 734
758 667
302 850
506 828
984 271
639 113
16 97
903 779
328 162
805 944
238 478
778 89
427 819
707 264
102 697
581 490
859 683
97 766
222 856
849 100
507 17
904 665
338 333
48 176
891 539
429 616
746 186
57 234
701 220
132 786
832 986
923 78
360 853
52 43
234 476
459 468
370 604
280 780
318 281
657 456
158 813
109 215
920 476
578 693
74 884
453 897
899 816
481 257
190 171
443 846
415 530
42 121
745 989
372 455
119 117
907 923
745 108
337 989
87 966
823 856
460 212
848 177
352 54
870 583
523 587
458 655
41 432
538 926
740 899
335 105
155 424
854 234
677 355
473 752
627 988
943 576
776 918
691 964
709 493
196 891
379 112
52 138
789 112
763 356
480 3
136 847
772 406
637 70
30 12
52 630
863 900
165 945
477 564
756 372
205 218
116 30
599 309
488 925
750 981
399 56
352 962
757 216
704 385
820 888
254 354
39 36
558 737
706 921
600 140
947 631
820 239
269 693
755 552
827 887
898 989
938 158
761 785
423 986
190 494
961 154
31 143
217 524
218 296
827 561
559 677
17 296
120 487
590 773
222 483
719 542
261 519
982 777
138 466
212 234
765 364
216 184
161 521
770 271
609 960
242 171
285 980
638 463
31 231
472 924
676 945
329 328
862 254
865 398
266 449
123 584
897 367
181 685
350 731
59 87
376 284
266 336
55 387
955 145
617 850
374 33
528 376
263 35
236 194
591 864
862 619
450 951
710 628
271 712
787 293
18 687
311 470
779 928
249 847
228 322
861 868
476 729
38 170
344 123
324 612
458 562
60 706
131 882
978 339
813 221
12 55
527 773
108 3
534 148
47 613
118 507
925 970
267 918
783 907
295 124
406 65
818 628
871 649
109 623
829 937
645 620
264 895
47 604
51 930
436 37
326 716
205 586
849 956
935 824
576 812
240 775
357 992
673 487
582 684
948 977
277 953
23 543
799 964
467 551
249 600
770 714
953 13
590 865
811 532
421 693
812 235
613 91
122 66
263 616
503 103
604 69
452 234
697 894
774 742
665 562
156 872
239 420
37 897
556 119
61 165
618 456
376 563
344 306
144 191
36 869
21 194
762 428
39 882
74 131
754 737
479 683
546 809
530 943
141 303
53 616
554 207
224 758
371 931
282 778
193 672
213 455
531 600
124 620
518 182
370 415
861 555
707 123
931 44
363 510
914 473
825 415
919 822
25 326
957 341
746 664
392 526
490 513
509 921
256 797
194 629
578 359
831 107
462 273
307 726
123 757
275 229
729 908
355 454
763 453
823 210
604 629
558 542
430 103
983 804
496 90
299 498
11 684
228 879
858 562
571 801
865 921
556 205
94 727
870 735
391 153
582 180
808 316
223 224
962 112
283 929
358 616
877 430
1 557
74 45
812 389
373 644
347 726
737 287
114 736
472 766
494 537
765 233
534 806
74 370
276 124
702 319
779 789
299 376
205 221
735 904
147 627
441 735
634 867
47 394
160 908
606 127
625 900
419 166
863 409
452 409
760 693
328 471
95 741
810 755
779 576
344 264
140 497
624 852
307 416
329 440
500 439
561 614
447 313
567 790
897 241
176 681
598 860
432 83
950 382
24 242
905 447
766 616
548 653
398 865
365 861
702 350
927 156
140 348
148 66
899 288
757 929
386 149
137 732
743 25
804 99
843 184
519 648
759 441
83 968
27 538
675 579
324 200
52 514
788 20
746 581
574 573
541 151
110 872
780 656
656 910
641 960
146 129
628 592
82 409
928 857
782 583
308 32
455 211
77 146
337 109
120 395
894 134
974 677
436 869
136 64
672 295
233 234
436 966
348 173
336 403
85 473
358 338
88 349
346 831
751 473
720 643
901 978
23 322
8 233
145 48
864 381
992 343
967 359
385 802
387 706
64 128
827 30
139 734
639 868
821 944
415 240
630 617
185 844
100 451
142 744
534 514
3 76
168 919
24 462
299 447
324 23
50 209
880 914
474 773
740 735
464 397
299 379
584 217
31 326
590 542
863 147
232 337
216 856
971 664
424 869
630 608
497 420
588 44
256 370
572 771
370 423
541 685
49 311
408 845
140 663
289 843
894 551
629 975
581 273
837 167
912 2
398 443
420 313
829 621
60 219
498 466
797 857
28 806
858 857
608 177
783 738
205 654
816 381
529 920
39 197
435 406
842 890
277 455
4 385
831 575
630 40
928 96
103 384
501 223
194 12
586 96
810 388
115 511
706 348
694 15
218 805
941 19
31 526
687 6
520 450
122 342
912 225
931 976
643 412
552 786
131 775
152 885
506 856
549 810
255 457
2 447
78 248
10 914
48 443
470 701
430 118
352 220
478 315
705 149
816 363
372 588
596 175
252 727
734 695
408 931
709 129
894 391
793 875
908 955
416 139
895 849
21 496
297 210
303 844
538 431
53 821
113 39
991 814
835 85
696 749
787 205
142 179
294 149
867 575
140 432
343 710
218 147
529 96
187 631
137 833
407 561
577 110
948 414
58 453
117 560
134 524
907 178
104 976
488 79
107 395
625 69
309 756
678 402
236 613
925 672
730 610
605 375
509 909
668 70
307 486
570 442
533 54
771 737
866 756
460 243
923 360
907 948
414 644
128 899
347 252
372 601
160 398
924 923
147 745
296 237
333 739
724 162
410 739
517 333
713 797
328 147
210 436
250 239
49 802
230 692
675 521
718 745
188 152
982 152
913 202
715 66
827 696
220 611
617 46
643 699
55 217
673 439
613 908
607 685
546 881
851 151
466 139
238 721
182 119
845 909
403 61
702 419
207 117
464 514
177 130
729 928
605 663
34 867
219 523
825 84
590 558
991 414
685 298
671 166
915 912
837 970
184 59
111 53
723 965
25 986
446 351
794 561
506 426
803 794
845 565
20 219
81 968
522 766
119 383
11 424
568 16
435 27
427 885
895 775
491 464
43 293
460 589
390 892
635 882
687 309
31 634
583 57
627 99
516 920
496 313
731 193
750 238
408 143
567 239
76 764
147 660
919 839
710 776
172 628
515 127
1 462
148 523
846 972
285 752
836 920
671 148
470 480
682 639
111 59
115 444
779 296
670 425
235 93
950 937
438 530
734 282
6 891
280 278
376 703
840 740
861 285
55 458
663 523
378 890
525 91
174 123
659 716
73 100
98 657
686 459
608 920
737 444
586 170
74 560
365 570
934 736
45 466
69 763
147 499
123 656
580 275
622 295
308 736
611 924
705 924
945 336
486 944
430 669
507 29
652 953
585 138
237 29
857 21
95 564
406 415
433 648
953 210
934 929
705 996
247 270
836 172
693 144
270 323
808 507
347 771
902 307
407 229
874 868
121 708
893 627
112 508
284 621
738 590
152 839
637 767
230 63
358 448
893 128
549 723
196 524
55 416
221 493
115 662
5 289
741 92
635 969
357 136
601 375
659 297
682 906
648 566
812 838
248 164
975 900
259 620
76 631
800 742
259 612
61 123
562 887
979 31
52 504
952 123
128 24
539 557
829 118
504 642
122 490
880 178
386 93
277 111
650 715
238 583
912 552
237 667
280 129
828 33
388 309
381 580
784 396
624 881
110 330
611 77
204 525
653 283
693 798
415 685
606 176
706 141
495 846
976 376
49 104
825 946
625 829
147 154
242 978
697 224
565 944
436 68
226 165
257 404
552 42
38 867
111 427
276 39
962 578
427 408
600 310
681 967
417 532
822 254
626 96
573 18
428 774
305 255
839 484
89 749
678 930
862 464
77 926
904 123
373 882
411 9
247 857
108 564
368 649
332 44
703 474
348 189
953 284
987 734
329 325
510 89
476 492
621 259
895 819
77 172
631 174
830 938
429 680
965 833
217 643
823 18
774 410
45 803
546 776
545 699
485 434
782 122
82 373
84 369
231 905
433 82
676 234
99 385
68 378
180 198
709 331
944 142
202 87
134 830
421 252
625 258
621 578
881 842
571 242
366 513
813 827
886 787
467 982
718 474
603 645
253 148
146 958
882 1
863 97
385 661
173 248
210 768
322 72
285 884
487 280
182 773
128 76
188 589
483 829
631 890
102 177
585 89
472 735
466 616
127 349
795 412
10 781
854 244
132 740
613 952
428 393
160 351
566 811
147 481
783 350
332 995
940 226
797 828
597 975
926 576
161 141
588 249
915 411
921 64
778 238
922 299
194 642
601 834
446 774
452 641
676 47
951 761
145 882
384 795
991 744
206 432
278 694
338 719
655 672
822 435
131 374
414 922
297 984
732 420
881 489
75 318
772 360
667 409
904 885
195 617
496 126
312 843
78 822
84 439
818 950
181 912
131 431
145 221
666 905
522 24
760 515
489 472
784 819
58 754
580 232
526 36
288 402
513 820
788 576
699 721
131 60
8 508
462 692
615 470
175 730
490 866
767 747
143 470
917 986
221 445
314 163
260 623
24 540
487 741
592 590
865 138
577 203
408 629
737 992
281 663
967 975
571 472
220 234
97 81
868 731
740 656
153 282
163 416
898 945
743 384
136 270
196 965
563 124
516 749
629 297
905 671
871 235
360 80
808 964
952 169
555 177
313 190
121 243
176 61
782 504
384 485
846 963
171 370
851 319
390 719
491 66
341 308
987 513
933 965
826 631
60 599
211 667
211 335
29 300
879 943
481 639
909 120
469 705
772 123
276 384
260 346
229 891
585 344
803 401
272 146
672 138
493 641
746 784
963 810
871 801
633 130
462 720
398 234
203 555
683 357
436 974
162 387
113 826
758 192
729 11
361 686
929 601
452 200
917 130
796 290
393 830
379 862
714 663
99 652
427 445
769 638
57 393
676 710
245 498
318 181
285 105
13 36
342 815
473 615
67 807
765 836
450 644
933 809
902 326
707 481
164 505
686 70
322 595
996 895
724 273
982 20
965 36
287 509
417 630
236 608
274 47
681 840
829 106
443 198
335 860
923 903
231 144
569 884
772 628
661 690
846 829
206 668
762 174
449 822
828 99
629 189
133 410
11 725
366 747
992 790
366 337
499 797
340 33
453 345
915 98
238 783
300 631
375 839
191 842
656 625
489 410
542 482
75 94
976 649
633 262
28 994
365 140
72 637
750 480
880 726
627 407
752 886
557 117
372 333
945 328
674 681
509 948
2 11
521 130
634 165
248 600
762 395
709 565
303 361
718 829
367 268
259 376
60 516
709 710
506 541
896 877
551 889
538 478
331 955
423 529
686 259
670 89
733 828
327 181
203 932
979 177
842 660
978 243
930 476
198 383
424 864
27 368
966 242
804 226
293 521
535 455
921 924
167 105
416 824
553 297
38 419
815 690
670 211
563 823
503 38
819 673
17 529
551 521
860 862
404 921
991 935
101 934
467 196
675 318
578 628
969 650
402 92
757 811
867 762
514 893
274 623
451 484
115 273
870 981
854 883
56 881
357 271
303 648
532 613
745 653
699 985
836 41
455 351
31 329
275 836
203 374
94 506
963 765
123 703
469 423
264 475
521 909
134 221
196 516
729 710
288 146
148 284
42 308
578 79
564 465
695 470
218 955
242 905
169 591
990 305
644 440
20 69
147 567
722 171
67 98
668 251
991 178
253 679
931 461
332 838
189 715
172 799
985 463
881 667
257 897
59 960
577 899
282 116
672 692
584 310
342 975
950 144
381 608
808 20
350 74
43 468
69 482
806 168
972 20
974 976
868 648
703 42
271 656
247 631
639 794
527 929
785 66
895 827
312 258
686 616
626 828
