884 1784
800 385
497 139
760 389
874 260
160 345
876 442
244 583
647 549
615 31
526 451
784 750
783 464
475 352
322 638
526 708
655 95
788 182
283 493
451 466
517 161
179 693
171 422
84 684
267 452
224 498
574 502
758 548
782 739
657 742
454 666
802 648
286 194
197 82
676 846
608 433
712 58
16 172
567 484
143 91
505 492
165 256
690 311
783 599
369 830
252 621
760 265
334 209
502 237
303 441
771 350
20 96
183 500
829 641
295 158
86 170
786 257
399 140
722 281
171 37
635 79
857 249
842 56
552 275
292 89
20 326
140 21
824 755
125 159
653 774
781 190
546 518
102 743
603 398
437 66
793 474
498 112
874 577
141 671
324 598
720 241
277 311
652 288
487 423
195 123
616 64
688 637
394 760
736 255
374 227
486 327
441 326
493 236
99 830
868 461
615 286
547 499
782 622
347 483
318 32
873 84
572 546
852 357
29 292
175 325
875 844
622 424
414 742
48 136
14 620
593 119
208 19
10 643
661 470
26 771
551 702
797 864
745 138
836 87
250 158
289 295
491 88
58 262
611 187
868 157
409 523
517 589
28 150
574 412
707 83
880 746
599 651
847 402
815 526
251 29
420 518
256 559
183 465
613 140
98 542
217 14
436 296
845 105
646 90
601 765
543 742
506 635
127 388
76 185
704 108
317 108
562 70
621 222
162 600
770 558
589 426
807 503
796 254
197 525
224 112
219 150
407 257
234 73
107 784
130 614
545 849
750 481
141 717
337 676
285 711
750 80
750 853
34 527
610 155
632 734
566 593
239 321
150 466
619 303
729 424
307 11
753 388
436 112
57 560
211 17
334 880
25 868
831 41
547 638
608 646
753 856
185 651
334 340
344 744
751 184
212 768
628 495
459 563
278 670
121 48
609 270
222 413
875 760
797 66
178 658
716 406
762 564
816 580
175 254
592 726
437 708
494 399
260 67
300 170
488 111
131 310
703 334
287 845
787 803
134 261
340 215
660 280
760 335
872 858
416 420
822 252
383 497
661 734
302 771
709 321
769 223
55 318
315 661
134 508
483 749
568 441
313 802
233 830
45 405
592 9
470 221
572 812
332 355
845 668
561 601
727 826
657 237
68 639
325 867
307 404
806 880
36 746
539 744
590 387
839 146
279 614
348 825
281 697
393 668
212 253
529 213
638 753
677 282
385 747
5 194
541 507
758 259
236 77
555 124
777 631
652 479
701 102
321 634
106 77
12 64
510 299
58 424
258 77
339 610
297 836
177 155
254 812
149 192
690 612
712 457
119 487
687 506
653 310
308 306
309 172
83 626
825 505
443 49
729 504
590 587
773 63
348 692
180 59
829 760
497 375
387 292
390 506
484 481
247 135
766 27
329 526
365 643
243 433
390 576
262 789
763 237
859 203
178 835
725 750
399 675
454 715
88 652
350 321
2 126
130 544
683 852
722 425
359 776
335 678
293 863
93 18
294 189
790 43
738 472
53 156
743 386
161 729
878 446
242 420
371 151
826 275
387 152
266 177
358 198
802 863
415 590
275 766
389 603
374 395
694 64
752 199
1 354
293 809
20 119
76 116
107 157
788 124
682 665
349 878
481 637
484 43
430 107
325 548
648 862
335 609
490 449
122 91
189 332
335 840
118 584
288 730
495 333
315 500
135 570
448 814
68 657
236 248
18 71
492 18
304 792
200 163
349 403
350 3
724 276
724 638
842 705
590 468
30 442
198 102
739 350
581 431
380 749
256 258
796 311
495 593
579 44
616 802
473 409
220 866
793 800
154 305
300 816
46 436
806 324
537 299
518 328
665 596
520 47
367 361
451 197
7 456
102 389
708 800
639 230
605 839
506 747
36 725
561 678
402 533
458 630
459 147
738 689
118 436
580 615
835 332
601 81
825 230
112 178
233 824
116 611
121 600
92 821
167 860
109 700
786 429
863 722
451 863
187 124
742 787
192 470
770 840
166 565
302 611
431 713
646 817
6 327
120 882
338 217
827 688
93 524
560 175
136 838
708 564
12 233
591 119
282 573
853 381
269 273
787 172
576 553
881 799
504 350
514 348
437 289
481 207
11 129
486 535
179 512
577 661
862 674
617 494
843 163
538 549
120 87
726 695
313 139
385 534
858 321
360 170
275 67
614 460
525 512
372 30
670 363
488 627
216 408
161 230
159 407
10 392
764 671
449 675
236 186
473 152
99 114
266 596
637 376
802 472
292 605
387 867
453 147
200 649
183 405
646 344
488 207
434 490
804 404
465 350
648 155
284 274
254 803
471 811
437 316
527 745
713 869
878 610
596 858
173 578
465 137
107 492
465 343
823 100
280 551
654 362
536 130
424 636
649 755
63 479
250 111
105 621
35 601
424 523
580 432
434 412
804 184
737 704
149 562
302 607
40 31
759 867
553 268
168 696
334 272
408 71
176 862
365 615
630 157
188 416
333 638
118 508
119 45
343 691
742 714
497 810
487 752
143 135
401 556
593 731
617 154
157 881
672 731
729 414
639 167
236 839
792 751
614 862
443 48
618 443
681 871
665 362
81 584
135 175
727 252
13 633
125 287
218 834
863 443
376 310
523 290
201 30
402 572
571 654
370 526
304 603
486 695
17 186
491 15
248 264
873 724
710 428
34 187
563 488
669 649
618 429
194 126
773 5
704 297
778 189
544 296
324 234
644 275
545 293
33 83
477 751
867 59
801 86
741 113
91 399
771 289
68 578
608 861
430 176
165 574
278 194
562 130
748 583
306 322
509 75
659 336
497 643
243 845
374 225
302 55
303 730
586 450
774 829
857 208
429 517
303 481
720 564
604 222
457 422
149 19
570 406
135 32
673 665
233 725
516 272
458 143
247 795
343 434
185 267
870 559
230 618
179 293
181 132
458 468
652 489
672 279
266 386
79 351
373 648
713 708
769 231
332 585
443 566
544 598
175 418
221 193
642 469
664 303
430 159
597 10
744 562
781 680
624 531
262 381
839 263
53 873
495 744
619 307
433 175
402 844
820 733
23 786
242 853
168 880
797 880
687 460
268 257
469 384
678 811
113 11
167 600
591 479
689 533
86 797
849 402
174 30
620 519
584 357
87 274
785 879
271 91
203 746
266 646
634 790
84 193
831 702
503 371
217 465
326 614
611 801
483 661
136 617
247 259
857 46
59 790
435 241
773 697
44 831
390 237
339 320
15 773
548 449
179 683
574 303
405 53
327 30
524 855
233 698
179 479
568 627
492 417
61 596
540 489
766 170
92 480
239 627
572 615
884 305
794 108
615 387
121 272
90 705
144 868
680 822
683 246
558 108
45 103
691 167
127 703
402 234
702 33
634 404
179 36
235 195
788 811
460 582
698 287
205 498
153 244
544 649
33 798
198 718
554 318
161 296
102 462
364 571
593 43
189 544
792 223
243 8
30 675
512 174
808 51
489 487
356 768
609 760
521 1
411 492
234 146
610 44
593 44
595 554
606 533
313 261
410 223
144 826
54 646
419 7
275 193
670 16
719 379
298 638
868 294
769 47
572 111
420 460
195 805
635 204
427 387
144 832
594 350
558 392
801 259
770 831
683 867
5 184
463 6
411 753
413 856
382 210
700 742
875 392
752 520
643 843
257 719
585 70
472 340
589 694
820 804
4 585
538 513
422 111
375 555
684 285
110 848
852 773
121 640
86 626
282 366
622 633
455 39
719 587
667 10
136 29
50 8
488 443
472 149
54 576
291 325
727 733
333 194
668 43
524 864
122 221
274 189
536 152
774 469
477 248
522 346
647 764
724 612
232 677
446 536
54 215
739 768
439 619
740 47
780 613
325 250
456 60
437 70
840 717
763 555
451 573
200 581
147 395
402 330
114 576
135 474
85 731
236 435
130 141
90 242
22 205
151 427
129 496
163 755
100 30
783 280
162 508
797 592
559 380
243 130
655 338
14 334
255 579
384 360
517 349
634 686
3 575
316 481
805 163
772 103
521 435
517 687
688 813
265 441
235 91
736 580
299 80
883 644
145 170
541 866
497 40
405 858
778 273
47 35
12 524
307 795
455 115
65 618
527 47
804 864
256 149
275 435
403 230
90 126
241 250
398 818
97 113
278 357
12 254
740 386
418 805
539 128
561 745
37 750
159 746
418 602
219 160
851 295
523 770
671 677
803 392
497 602
435 226
746 777
531 380
64 39
210 391
711 304
456 70
647 297
460 853
523 231
637 338
691 243
753 384
329 451
35 171
136 445
5 709
155 846
409 626
490 178
42 1
812 541
617 56
302 567
484 702
378 850
604 850
477 30
606 382
63 47
547 95
745 647
322 102
734 500
493 452
437 343
595 389
782 341
306 392
362 573
627 75
96 385
142 408
18 17
463 36
283 706
549 755
373 343
785 277
466 42
503 211
513 387
874 206
34 281
239 677
455 552
538 351
445 440
715 6
364 168
573 359
226 668
641 772
569 743
184 248
463 133
159 235
680 258
310 77
293 395
539 18
650 51
562 580
731 619
386 872
590 758
614 453
301 460
603 238
53 700
236 489
661 184
45 88
156 554
175 382
537 589
683 417
411 738
637 271
380 792
109 844
348 318
738 754
117 321
759 182
339 238
88 516
839 254
292 323
665 405
527 502
590 740
773 391
780 383
839 796
807 823
773 296
539 445
760 755
177 298
93 11
884 810
595 313
406 168
307 414
64 787
11 873
806 761
327 101
702 574
133 865
881 220
41 405
499 881
507 107
678 662
646 879
582 541
237 516
789 584
349 299
30 83
359 395
767 286
131 485
607 225
737 130
829 817
810 389
79 824
604 470
686 745
394 92
396 514
182 418
287 696
845 254
628 242
317 336
501 499
66 80
323 236
53 769
347 242
149 424
408 708
338 816
550 783
845 32
369 578
312 153
855 348
140 26
347 45
864 241
399 433
674 827
675 187
643 271
792 434
542 724
269 454
491 1
630 28
173 309
781 619
463 343
437 502
338 698
11 695
564 188
737 720
6 622
524 308
340 696
414 617
571 665
476 8
800 329
657 80
515 261
626 592
797 510
232 587
202 462
26 48
110 415
831 782
544 781
635 422
159 472
842 730
631 148
52 306
659 266
299 491
857 120
352 745
442 766
209 55
669 665
770 61
292 809
330 484
824 483
695 416
200 850
129 476
661 683
848 878
8 101
709 201
639 678
290 201
861 851
201 482
111 286
378 821
375 108
430 224
267 654
507 584
438 714
192 341
32 404
123 664
658 133
436 190
828 354
350 401
373 741
562 361
358 465
679 750
569 410
738 153
651 249
782 11
218 532
168 310
80 541
463 810
602 395
844 727
667 118
261 355
484 423
652 369
685 432
800 31
608 503
3 419
679 884
760 456
9 880
308 669
730 57
34 71
708 726
452 808
514 877
823 15
97 765
333 330
642 680
702 328
466 422
410 296
132 253
79 731
408 467
192 442
396 268
473 25
864 785
22 777
689 524
67 26
589 630
771 34
856 325
11 451
287 859
328 499
4 664
595 279
345 563
364 750
735 393
542 299
615 220
767 686
597 603
182 143
256 370
38 85
487 552
664 553
4 647
650 324
29 81
654 50
819 676
111 582
9 809
224 170
135 651
727 664
758 56
717 828
817 479
445 190
495 197
147 26
591 97
857 62
71 12
675 596
37 455
249 302
123 776
678 762
221 720
520 57
611 527
371 306
433 861
53 360
457 829
756 198
539 430
244 450
86 454
432 513
472 35
385 356
223 692
406 801
267 327
555 460
636 222
291 427
556 357
206 26
64 639
234 291
861 155
21 399
868 550
226 105
779 95
598 698
693 445
697 109
554 692
308 710
439 284
22 618
244 795
728 371
32 186
414 46
215 796
770 616
827 467
499 335
875 405
108 124
75 845
775 725
752 306
714 876
620 324
113 216
396 104
683 869
303 445
806 109
442 720
170 707
250 117
604 555
219 597
40 288
464 758
10 21
288 68
77 630
615 241
821 299
216 544
42 619
349 637
133 454
284 572
67 436
819 654
536 333
614 76
575 574
852 740
154 819
745 57
464 569
345 427
590 766
369 285
227 533
235 699
658 645
550 714
720 151
13 169
530 85
189 882
334 400
852 341
120 330
473 525
261 731
228 721
188 151
209 705
502 645
341 734
267 215
452 780
858 688
645 727
542 774
193 696
819 41
195 716
753 202
600 493
728 674
86 765
770 878
864 418
772 491
791 601
23 126
615 551
697 364
643 21
111 860
168 179
115 153
152 141
827 666
81 551
155 879
779 549
836 110
323 53
692 669
35 178
645 406
757 433
407 594
12 751
533 768
684 364
389 467
484 410
837 410
391 829
819 381
221 171
205 614
789 270
314 283
333 461
544 313
11 329
251 844
785 607
440 493
556 414
690 259
745 792
103 361
200 88
406 881
392 650
376 452
657 792
164 803
473 847
292 309
185 853
630 746
298 732
103 591
75 796
222 534
422 59
796 431
673 873
726 733
305 791
603 488
680 314
488 384
659 868
533 131
699 103
479 281
708 511
447 405
133 716
530 33
131 246
190 457
395 192
829 782
7 439
218 823
485 405
879 197
68 111
78 107
90 502
58 873
148 93
193 765
340 47
416 759
74 546
29 266
697 288
557 425
816 877
232 100
178 855
566 706
844 480
101 760
157 353
784 635
413 322
293 700
501 569
449 547
594 826
870 151
836 771
35 401
822 159
250 388
870 102
737 54
579 602
340 206
819 350
458 612
153 152
487 784
806 728
310 454
809 82
222 356
600 105
98 135
601 464
430 42
435 839
591 224
371 69
353 722
672 240
526 256
843 562
493 117
44 495
785 862
418 129
536 356
95 854
204 516
367 600
380 408
129 835
722 655
556 698
212 705
693 648
585 55
566 243
787 185
60 832
278 682
178 277
728 252
47 102
857 507
32 773
556 739
796 644
51 870
749 281
309 631
216 659
50 104
214 353
454 462
521 475
501 310
467 839
286 232
732 40
678 611
95 823
494 757
390 58
825 747
548 44
586 249
732 587
111 224
514 760
163 465
480 736
622 71
684 516
189 280
154 362
372 549
288 508
423 868
520 354
387 480
244 418
800 391
399 616
119 711
653 86
301 705
269 845
352 567
577 629
745 78
712 716
229 246
2 208
681 576
465 522
35 757
48 87
479 131
6 273
617 97
269 727
828 330
94 654
557 666
594 413
434 617
721 635
519 151
355 38
325 134
571 25
519 345
353 402
742 98
527 297
161 480
522 350
685 589
10 625
312 846
485 108
275 217
573 845
509 188
163 633
463 96
221 611
166 625
99 155
64 407
341 783
342 56
623 797
170 690
109 398
506 305
535 295
494 779
320 437
839 294
399 735
808 742
690 159
509 507
474 655
737 856
738 572
153 831
744 246
855 713
707 753
7 599
68 317
582 516
320 396
157 609
791 434
707 559
348 822
870 57
605 346
863 801
369 178
593 595
336 298
669 670
585 579
17 31
76 799
122 787
786 160
846 819
49 852
214 169
464 54
490 443
751 455
678 438
548 825
687 317
11 328
628 394
53 467
266 121
568 596
331 139
44 525
595 743
337 224
32 657
551 613
419 390
774 268
667 777
232 345
120 644
229 591
730 875
634 117
66 745
22 784
72 337
557 124
189 34
563 800
469 845
475 570
674 852
550 263
440 508
41 322
614 586
351 624
304 22
433 536
32 560
532 584
285 338
821 566
199 315
699 659
848 55
204 536
711 849
196 341
736 290
392 407
636 618
623 417
390 615
817 571
251 374
145 165
348 461
142 495
32 153
768 861
845 486
422 418
831 87
47 83
275 831
335 766
34 426
39 202
421 283
828 845
726 53
292 8
844 589
594 632
102 419
232 414
659 643
720 184
759 164
814 689
157 319
29 242
40 351
849 162
668 303
602 656
783 14
605 591
241 434
649 586
167 469
156 445
785 564
860 104
754 317
285 816
524 842
864 682
649 707
563 334
564 320
624 309
465 772
161 249
439 264
205 645
876 157
475 131
370 471
721 453
580 681
122 513
182 14
662 260
645 655
706 290
120 321
308 634
25 447
426 359
209 448
325 718
19 630
367 228
