111111110111111111111111111111111111111111111101111110110111111111101111111111101111
101111110111111111011111110111111111111111111001111110110101111111101110011111101110
111111110111111111111111111111111111111111111101111110111111111111101111111111101111
111111111111111111110111111111111111111111111110111111111111111111111111111111111111
111111111111111111111111101111011111101111111111111111111111011111111111111111011111
111111111111111111110111111111111111111111101110111111111111111111111111111011111111
111111111111111111111111111111110111111011111111111111111111111111111111111111111111
101111110111111111011111110110111111111111111001111110110101111111101110011111101110
111111101111111111111111111011111111111111111111111111111111111111111111111111111111
111111111111110111111010111111111111111111111111111011111110111111111111111111111101
101111111111111111011111111111111111111111111011111111111111111111111111011111111110
111111011111101001111111101111011110101111111111111101111111011111111111111111011011
111111111111111111111111111111111111111111111111101111111111111111111101111111111111
111110111111111111111111111111101111111101111111111111011111111110111111111101110111
111111111111111111111111111111101111111111111111111111011111111111111111111101110111
111111011111101001111111101111011110101111111111111101111111011101111111111111011011
111111111111111111111111111111111111111111011111011111111111111111111111111111111111
111111111111111111111111111111011111101111111111111111111111011111111111111111111111
111111111111011110111111111111111111111111011111011111111111111111111111111111111111
111101111111111111111111111111111111111110111111111111111111111111111111111111111111
111101111111111111111111111111111111111110111111111111111111111111111111101111111111
101111110111111111011111110111111111111111111001111110110101111111101111011111101110
111111111111111111111111111101111111111111111111111111111111111011111111111111111111
101100000110000000011010100000000110001000010001000000000100000000100000000100000000
111011111111111111111111111111111111110111111111111111111111111111111111111111111111
111111111011111111100111111111111111111111101110111111111011111111111111111011111111
111111111111111111111110111111111111111111111111111011111111111111111111111111111111
111111111111111111111111111111101111111111111111111111011111111111111111111111110111
111111111111101111111111111111111111111111111111111101111111111111111111111111111111
111111011111001000111111101111010110101011011111011101111111011101111111111111011011
111111111111110111111010111111111111111111111111111011111110110111111111111111111101
111111110111111111111111111111111111111111111111111111111111111111111111111111101111
111111111111111111111010111111111111111111111111111011111111111111111111111111111101
111111111111111111111111111111011111111111111111111111111111011111111111111111111111
111111111111111111011111111111111111111111111111111111111111111111111111011111111110
111111111111111111111111101111111111111111111111111111111111111111111111111111011111
111011111111111111111101111111111101110111111111111111111111111111111111111111111111
111111110111111111111111111111111111111111111101111110111111111111111111111111101111
111111111111111111111111111111111111111111111111101111111111101111111001111111111111
111111111111111110111111111111111111111111011111011111111111111111111111111111111111
111111111111111111111111111111111111111111110111111111111111111111110111111111111111
111111111111111111011111111111111111111111111111111111111111111111111111111111111110
111111111111111111111111111111111111111111111101111110111111111111111111111111111111
111110011110000000111010101111000110101001011111010001011110010100111111110101010001
111111011111111111111111111111111110111111111111111111111111111111111111111111111111
101000000000000000000000000000000000000000000000000000000000000000000000000000000000
111111111111111111111111111111111111111111111111111111111111101111111011111111111111
101111110111111111011111110110111111111111110001111110110101111111100110011111101110
111111111111111111110111111111111111111111111110111111111111111111111111111011111111
101111110111111111011111110100111111111111110001111110110101111011100110011111101110
111011111101111111111101111111111001110111111111111111111111111111111111111111111111
111110011110000000111010101111000110101001011111010001011110010100111111111101010001
101000000000000000000000000000000000000000000000000000000000000000100000000000000000
101000000100000000011000100000000000000000010001000000000100000000100000000100000000
111111111111110111111010111111111111111111111111111011111111111111111111111111111101
101111111111111111011111111111111111111111111111111111111111111111111111011111111110
111111011111001000111111101111011110101111011111011101111111011101111111111111011011
111111111111111111111111111111111111111111111111111111011111111111111111111111110111
101110010110000000011010100100000110101001010001010000000100010000100110010100000000
111111111111111101111111101111011111101111111111111111111111011111111111111111011111
111111011111101001111111101111011110101111111111111101111111011111111111111111011111
111111111011111111100111111111111111111111101110111111111111111111111111111011111111
101111110111111111011111110111111111111111111001111110110111111111101111011111101110
101100000110000000011010100000000110101000010001010000000100010000100110000100000000
111111011111111011111111111111111110111111111111111111111111111111111111111111111111
111101101111111111111111111011111111111110111111111111111111111111111111101111111111
111110011110000000111010101111000110101001011111010001011110010100111111110100010001
111111111011111111110111111111111111111111101110111111111111111111111111111011111111
101100000110000000011010100000000110001000010001010000000100010000100110000100000000
111111111111111111111010111111111111111111111111111011111111111111111111111111111111
111111011110000000111010101111010110101011011111011001111110010101111111111111011001
111110111111111111111111111111101111111111111111111111011111111110111111111101110111
111110111111111111111111111111111111111111111111111111111111111110111111111111111111
111111111110110111111010111111111111111111111111111011111110110111111111111111111101
111111011110000000111010101111010110101011011111010001111110010101111111111111011001
111011111111111111111101111111111111110111111111111111111111111111111111111111111111
111111111011111111100111011111111111111111101110111111111011111111111111111011111111
101111110111111111011111111111111111111111111001111110110111111111101111011111101110
101111110111111111011111110100111111111111110001111110100101111011100110011111101110
111011111101111111111101111111111101110111111111111111111111111111111111111111111111
111111111111101101111111101111011111101111111111111101111111011111111111111111011111