30
0 12021 4369 3455 11456 4874 8507 9641 7348 3409 10986 12036 5115 4327 3425 10568 2661 1170 2110 6689 3773 8308 3483 4682 7311 1868 5818 2472 9773 2043
12021 0 15768 9028 2143 7837 4306 4336 6391 14808 2911 1469 8604 8654 9568 2769 10794 11069 13509 7064 15172 4275 14882 8277 4856 10951 7995 13871 2986 13442
4369 15768 0 7202 15203 8621 12254 13388 11095 1464 14733 15783 8862 8074 7172 14315 6408 4917 4101 10436 796 12055 2076 8429 11058 5615 9565 2595 13520 2834
3455 9028 7202 0 8463 1881 5514 6648 4355 6242 7993 9043 2122 1334 1002 7575 2228 2503 4943 3696 6606 5315 6316 1689 4318 2385 2825 5305 6780 4876
11456 2143 15203 8463 0 7272 3741 3771 5826 14243 2346 2158 8039 8089 9003 2204 10229 10504 12944 6499 14607 3710 14317 7712 4291 10386 7430 13306 2421 12877
4874 7837 8621 1881 7272 0 4323 5457 3164 7661 6802 7852 1457 1507 2421 6384 3647 3922 6362 2505 8025 4124 7735 1130 3127 3804 1634 6724 5589 6295
8507 4306 12254 5514 3741 4323 0 1926 2877 11294 3271 4321 5090 5140 6054 2853 7280 7555 9995 3550 11658 761 11368 4763 1342 7437 4481 10357 2058 9928
9641 4336 13388 6648 3771 5457 1926 0 4011 12428 3301 4351 6224 6274 7188 2883 8414 8689 11129 4684 12792 1895 12502 5897 2476 8571 5615 11491 2088 11062
7348 6391 11095 4355 5826 3164 2877 4011 0 10135 5356 6406 3931 3981 4895 4938 6121 6396 8836 2391 10499 2678 10209 3604 1681 6278 3322 9198 4143 8769
3409 14808 1464 6242 14243 7661 11294 12428 10135 0 13773 14823 7902 7114 6212 13355 5448 3957 3141 9476 868 11095 1116 7469 10098 4655 8605 1635 12560 1874
10986 2911 14733 7993 2346 6802 3271 3301 5356 13773 0 2926 7569 7619 8533 1734 9759 10034 12474 6029 14137 3240 13847 7242 3821 9916 6960 12836 1951 12407
12036 1469 15783 9043 2158 7852 4321 4351 6406 14823 2926 0 8619 8669 9583 2784 10809 11084 13524 7079 15187 4290 14897 8292 4871 10966 8010 13886 3001 13457
5115 8604 8862 2122 8039 1457 5090 6224 3931 7902 7569 8619 0 1748 2662 7151 3888 4163 6603 3272 8266 4891 7976 1371 3894 4045 2401 6965 6356 6536
4327 8654 8074 1334 8089 1507 5140 6274 3981 7114 7619 8669 1748 0 1874 7201 3100 3375 5815 3322 7478 4941 7188 1315 3944 3257 2451 6177 6406 5748
3425 9568 7172 1002 9003 2421 6054 7188 4895 6212 8533 9583 2662 1874 0 8115 2198 2473 4913 4236 6576 5855 6286 2229 4858 2355 3365 5275 7320 4846
10568 2769 14315 7575 2204 6384 2853 2883 4938 13355 1734 2784 7151 7201 8115 0 9341 9616 12056 5611 13719 2822 13429 6824 3403 9498 6542 12418 1533 11989
2661 10794 6408 2228 10229 3647 7280 8414 6121 5448 9759 10809 3888 3100 2198 9341 0 1709 4149 5462 5812 7081 5522 3455 6084 1591 4591 4511 8546 4082
1170 11069 4917 2503 10504 3922 7555 8689 6396 3957 10034 11084 4163 3375 2473 9616 1709 0 2658 5737 4321 7356 4031 3730 6359 916 4866 3020 8821 2591
2110 13509 4101 4943 12944 6362 9995 11129 8836 3141 12474 13524 6603 5815 4913 12056 4149 2658 0 8177 3505 9796 3215 6170 8799 3356 7306 2204 11261 1775
6689 7064 10436 3696 6499 2505 3550 4684 2391 9476 6029 7079 3272 3322 4236 5611 5462 5737 8177 0 9840 3351 9550 2945 2354 5619 2663 8539 4816 8110
3773 15172 796 6606 14607 8025 11658 12792 10499 868 14137 15187 8266 7478 6576 13719 5812 4321 3505 9840 0 11459 1480 7833 10462 5019 8969 1999 12924 2238
8308 4275 12055 5315 3710 4124 761 1895 2678 11095 3240 4290 4891 4941 5855 2822 7081 7356 9796 3351 11459 0 11169 4564 1143 7238 4282 10158 2027 9729
3483 14882 2076 6316 14317 7735 11368 12502 10209 1116 13847 14897 7976 7188 6286 13429 5522 4031 3215 9550 1480 11169 0 7543 10172 4729 8679 1709 12634 1948
4682 8277 8429 1689 7712 1130 4763 5897 3604 7469 7242 8292 1371 1315 2229 6824 3455 3730 6170 2945 7833 4564 7543 0 3567 3612 2074 6532 6029 6103
7311 4856 11058 4318 4291 3127 1342 2476 1681 10098 3821 4871 3894 3944 4858 3403 6084 6359 8799 2354 10462 1143 10172 3567 0 6241 3285 9161 2608 8732
1868 10951 5615 2385 10386 3804 7437 8571 6278 4655 9916 10966 4045 3257 2355 9498 1591 916 3356 5619 5019 7238 4729 3612 6241 0 4748 3718 8703 3289
5818 7995 9565 2825 7430 1634 4481 5615 3322 8605 6960 8010 2401 2451 3365 6542 4591 4866 7306 2663 8969 4282 8679 2074 3285 4748 0 7668 5747 7239
2472 13871 2595 5305 13306 6724 10357 11491 9198 1635 12836 13886 6965 6177 5275 12418 4511 3020 2204 8539 1999 10158 1709 6532 9161 3718 7668 0 11623 937
9773 2986 13520 6780 2421 5589 2058 2088 4143 12560 1951 3001 6356 6406 7320 1533 8546 8821 11261 4816 12924 2027 12634 6029 2608 8703 5747 11623 0 11194
2043 13442 2834 4876 12877 6295 9928 11062 8769 1874 12407 13457 6536 5748 4846 11989 4082 2591 1775 8110 2238 9729 1948 6103 8732 3289 7239 937 11194 0
