(-1 -6 +128 -4 -88 +70 +114 +43 +36 -25 -93 -78 -73 -79 -86 -55 -57 +59 +39 -115 +69 -116 +45 +89 +96 +22 -80 -94 -84 +38 +97 +60 -72 +28 +87 +54 +23 -130 +67 -24 +110 +34 +107 +48 -30 +106 -127 +121 +37 +15 -52 +91 -105 +125 -53 -82 +61 -11 -74 -3 +118 -51 -29 +27 -68 -44 +122 -8 -9 +124 -90 +50 +21 +46 -31 +56 +32 +63 -58 +64 -123 +108 +111 +76 -62 -102 +5 -19 +101 -13 -104 -98 -120 +100 -20 +95 -75 -113 +2 +12 +117 -40 +99 +35 -83 +129 +77 -66 -109 +41 +126 -49 +112 -65 +42 +103 +26 -81 -16 +85 +71 -14 +7 +47 -92 -119 -33 -18 -17 +10)
(+1 -6 +128 -4 -88 +70 +114 +43 +36 -25 -93 -78 -73 -79 -86 -55 -57 +59 +39 -115 +69 -116 +45 +89 +96 +22 -80 -94 -84 +38 +97 +60 -72 +28 +87 +54 +23 -130 +67 -24 +110 +34 +107 +48 -30 +106 -127 +121 +37 +15 -52 +91 -105 +125 -53 -82 +61 -11 -74 -3 +118 -51 -29 +27 -68 -44 +122 -8 -9 +124 -90 +50 +21 +46 -31 +56 +32 +63 -58 +64 -123 +108 +111 +76 -62 -102 +5 -19 +101 -13 -104 -98 -120 +100 -20 +95 -75 -113 +2 +12 +117 -40 +99 +35 -83 +129 +77 -66 -109 +41 +126 -49 +112 -65 +42 +103 +26 -81 -16 +85 +71 -14 +7 +47 -92 -119 -33 -18 -17 +10)
(+1 -2 +113 +75 -95 +20 -100 +120 +98 +104 +13 -101 +19 -5 +102 +62 -76 -111 -108 +123 -64 +58 -63 -32 -56 +31 -46 -21 -50 +90 -124 +9 +8 -122 +44 +68 -27 +29 +51 -118 +3 +74 +11 -61 +82 +53 -125 +105 -91 +52 -15 -37 -121 +127 -106 +30 -48 -107 -34 -110 +24 -67 +130 -23 -54 -87 -28 +72 -60 -97 -38 +84 +94 +80 -22 -96 -89 -45 +116 -69 +115 -39 -59 +57 +55 +86 +79 +73 +78 +93 +25 -36 -43 -114 -70 +88 +4 -128 +6 +12 +117 -40 +99 +35 -83 +129 +77 -66 -109 +41 +126 -49 +112 -65 +42 +103 +26 -81 -16 +85 +71 -14 +7 +47 -92 -119 -33 -18 -17 +10)
(+1 +2 +113 +75 -95 +20 -100 +120 +98 +104 +13 -101 +19 -5 +102 +62 -76 -111 -108 +123 -64 +58 -63 -32 -56 +31 -46 -21 -50 +90 -124 +9 +8 -122 +44 +68 -27 +29 +51 -118 +3 +74 +11 -61 +82 +53 -125 +105 -91 +52 -15 -37 -121 +127 -106 +30 -48 -107 -34 -110 +24 -67 +130 -23 -54 -87 -28 +72 -60 -97 -38 +84 +94 +80 -22 -96 -89 -45 +116 -69 +115 -39 -59 +57 +55 +86 +79 +73 +78 +93 +25 -36 -43 -114 -70 +88 +4 -128 +6 +12 +117 -40 +99 +35 -83 +129 +77 -66 -109 +41 +126 -49 +112 -65 +42 +103 +26 -81 -16 +85 +71 -14 +7 +47 -92 -119 -33 -18 -17 +10)
(+1 +2 -3 +118 -51 -29 +27 -68 -44 +122 -8 -9 +124 -90 +50 +21 +46 -31 +56 +32 +63 -58 +64 -123 +108 +111 +76 -62 -102 +5 -19 +101 -13 -104 -98 -120 +100 -20 +95 -75 -113 +74 +11 -61 +82 +53 -125 +105 -91 +52 -15 -37 -121 +127 -106 +30 -48 -107 -34 -110 +24 -67 +130 -23 -54 -87 -28 +72 -60 -97 -38 +84 +94 +80 -22 -96 -89 -45 +116 -69 +115 -39 -59 +57 +55 +86 +79 +73 +78 +93 +25 -36 -43 -114 -70 +88 +4 -128 +6 +12 +117 -40 +99 +35 -83 +129 +77 -66 -109 +41 +126 -49 +112 -65 +42 +103 +26 -81 -16 +85 +71 -14 +7 +47 -92 -119 -33 -18 -17 +10)
(+1 +2 +3 +118 -51 -29 +27 -68 -44 +122 -8 -9 +124 -90 +50 +21 +46 -31 +56 +32 +63 -58 +64 -123 +108 +111 +76 -62 -102 +5 -19 +101 -13 -104 -98 -120 +100 -20 +95 -75 -113 +74 +11 -61 +82 +53 -125 +105 -91 +52 -15 -37 -121 +127 -106 +30 -48 -107 -34 -110 +24 -67 +130 -23 -54 -87 -28 +72 -60 -97 -38 +84 +94 +80 -22 -96 -89 -45 +116 -69 +115 -39 -59 +57 +55 +86 +79 +73 +78 +93 +25 -36 -43 -114 -70 +88 +4 -128 +6 +12 +117 -40 +99 +35 -83 +129 +77 -66 -109 +41 +126 -49 +112 -65 +42 +103 +26 -81 -16 +85 +71 -14 +7 +47 -92 -119 -33 -18 -17 +10)
(+1 +2 +3 -4 -88 +70 +114 +43 +36 -25 -93 -78 -73 -79 -86 -55 -57 +59 +39 -115 +69 -116 +45 +89 +96 +22 -80 -94 -84 +38 +97 +60 -72 +28 +87 +54 +23 -130 +67 -24 +110 +34 +107 +48 -30 +106 -127 +121 +37 +15 -52 +91 -105 +125 -53 -82 +61 -11 -74 +113 +75 -95 +20 -100 +120 +98 +104 +13 -101 +19 -5 +102 +62 -76 -111 -108 +123 -64 +58 -63 -32 -56 +31 -46 -21 -50 +90 -124 +9 +8 -122 +44 +68 -27 +29 +51 -118 -128 +6 +12 +117 -40 +99 +35 -83 +129 +77 -66 -109 +41 +126 -49 +112 -65 +42 +103 +26 -81 -16 +85 +71 -14 +7 +47 -92 -119 -33 -18 -17 +10)
(+1 +2 +3 +4 -88 +70 +114 +43 +36 -25 -93 -78 -73 -79 -86 -55 -57 +59 +39 -115 +69 -116 +45 +89 +96 +22 -80 -94 -84 +38 +97 +60 -72 +28 +87 +54 +23 -130 +67 -24 +110 +34 +107 +48 -30 +106 -127 +121 +37 +15 -52 +91 -105 +125 -53 -82 +61 -11 -74 +113 +75 -95 +20 -100 +120 +98 +104 +13 -101 +19 -5 +102 +62 -76 -111 -108 +123 -64 +58 -63 -32 -56 +31 -46 -21 -50 +90 -124 +9 +8 -122 +44 +68 -27 +29 +51 -118 -128 +6 +12 +117 -40 +99 +35 -83 +129 +77 -66 -109 +41 +126 -49 +112 -65 +42 +103 +26 -81 -16 +85 +71 -14 +7 +47 -92 -119 -33 -18 -17 +10)
(+1 +2 +3 +4 +5 -19 +101 -13 -104 -98 -120 +100 -20 +95 -75 -113 +74 +11 -61 +82 +53 -125 +105 -91 +52 -15 -37 -121 +127 -106 +30 -48 -107 -34 -110 +24 -67 +130 -23 -54 -87 -28 +72 -60 -97 -38 +84 +94 +80 -22 -96 -89 -45 +116 -69 +115 -39 -59 +57 +55 +86 +79 +73 +78 +93 +25 -36 -43 -114 -70 +88 +102 +62 -76 -111 -108 +123 -64 +58 -63 -32 -56 +31 -46 -21 -50 +90 -124 +9 +8 -122 +44 +68 -27 +29 +51 -118 -128 +6 +12 +117 -40 +99 +35 -83 +129 +77 -66 -109 +41 +126 -49 +112 -65 +42 +103 +26 -81 -16 +85 +71 -14 +7 +47 -92 -119 -33 -18 -17 +10)
(+1 +2 +3 +4 +5 -6 +128 +118 -51 -29 +27 -68 -44 +122 -8 -9 +124 -90 +50 +21 +46 -31 +56 +32 +63 -58 +64 -123 +108 +111 +76 -62 -102 -88 +70 +114 +43 +36 -25 -93 -78 -73 -79 -86 -55 -57 +59 +39 -115 +69 -116 +45 +89 +96 +22 -80 -94 -84 +38 +97 +60 -72 +28 +87 +54 +23 -130 +67 -24 +110 +34 +107 +48 -30 +106 -127 +121 +37 +15 -52 +91 -105 +125 -53 -82 +61 -11 -74 +113 +75 -95 +20 -100 +120 +98 +104 +13 -101 +19 +12 +117 -40 +99 +35 -83 +129 +77 -66 -109 +41 +126 -49 +112 -65 +42 +103 +26 -81 -16 +85 +71 -14 +7 +47 -92 -119 -33 -18 -17 +10)
(+1 +2 +3 +4 +5 +6 +128 +118 -51 -29 +27 -68 -44 +122 -8 -9 +124 -90 +50 +21 +46 -31 +56 +32 +63 -58 +64 -123 +108 +111 +76 -62 -102 -88 +70 +114 +43 +36 -25 -93 -78 -73 -79 -86 -55 -57 +59 +39 -115 +69 -116 +45 +89 +96 +22 -80 -94 -84 +38 +97 +60 -72 +28 +87 +54 +23 -130 +67 -24 +110 +34 +107 +48 -30 +106 -127 +121 +37 +15 -52 +91 -105 +125 -53 -82 +61 -11 -74 +113 +75 -95 +20 -100 +120 +98 +104 +13 -101 +19 +12 +117 -40 +99 +35 -83 +129 +77 -66 -109 +41 +126 -49 +112 -65 +42 +103 +26 -81 -16 +85 +71 -14 +7 +47 -92 -119 -33 -18 -17 +10)
(+1 +2 +3 +4 +5 +6 -7 +14 -71 -85 +16 +81 -26 -103 -42 +65 -112 +49 -126 -41 +109 +66 -77 -129 +83 -35 -99 +40 -117 -12 -19 +101 -13 -104 -98 -120 +100 -20 +95 -75 -113 +74 +11 -61 +82 +53 -125 +105 -91 +52 -15 -37 -121 +127 -106 +30 -48 -107 -34 -110 +24 -67 +130 -23 -54 -87 -28 +72 -60 -97 -38 +84 +94 +80 -22 -96 -89 -45 +116 -69 +115 -39 -59 +57 +55 +86 +79 +73 +78 +93 +25 -36 -43 -114 -70 +88 +102 +62 -76 -111 -108 +123 -64 +58 -63 -32 -56 +31 -46 -21 -50 +90 -124 +9 +8 -122 +44 +68 -27 +29 +51 -118 -128 +47 -92 -119 -33 -18 -17 +10)
(+1 +2 +3 +4 +5 +6 +7 +14 -71 -85 +16 +81 -26 -103 -42 +65 -112 +49 -126 -41 +109 +66 -77 -129 +83 -35 -99 +40 -117 -12 -19 +101 -13 -104 -98 -120 +100 -20 +95 -75 -113 +74 +11 -61 +82 +53 -125 +105 -91 +52 -15 -37 -121 +127 -106 +30 -48 -107 -34 -110 +24 -67 +130 -23 -54 -87 -28 +72 -60 -97 -38 +84 +94 +80 -22 -96 -89 -45 +116 -69 +115 -39 -59 +57 +55 +86 +79 +73 +78 +93 +25 -36 -43 -114 -70 +88 +102 +62 -76 -111 -108 +123 -64 +58 -63 -32 -56 +31 -46 -21 -50 +90 -124 +9 +8 -122 +44 +68 -27 +29 +51 -118 -128 +47 -92 -119 -33 -18 -17 +10)
(+1 +2 +3 +4 +5 +6 +7 -8 -9 +124 -90 +50 +21 +46 -31 +56 +32 +63 -58 +64 -123 +108 +111 +76 -62 -102 -88 +70 +114 +43 +36 -25 -93 -78 -73 -79 -86 -55 -57 +59 +39 -115 +69 -116 +45 +89 +96 +22 -80 -94 -84 +38 +97 +60 -72 +28 +87 +54 +23 -130 +67 -24 +110 +34 +107 +48 -30 +106 -127 +121 +37 +15 -52 +91 -105 +125 -53 -82 +61 -11 -74 +113 +75 -95 +20 -100 +120 +98 +104 +13 -101 +19 +12 +117 -40 +99 +35 -83 +129 +77 -66 -109 +41 +126 -49 +112 -65 +42 +103 +26 -81 -16 +85 +71 -14 -122 +44 +68 -27 +29 +51 -118 -128 +47 -92 -119 -33 -18 -17 +10)
(+1 +2 +3 +4 +5 +6 +7 +8 -9 +124 -90 +50 +21 +46 -31 +56 +32 +63 -58 +64 -123 +108 +111 +76 -62 -102 -88 +70 +114 +43 +36 -25 -93 -78 -73 -79 -86 -55 -57 +59 +39 -115 +69 -116 +45 +89 +96 +22 -80 -94 -84 +38 +97 +60 -72 +28 +87 +54 +23 -130 +67 -24 +110 +34 +107 +48 -30 +106 -127 +121 +37 +15 -52 +91 -105 +125 -53 -82 +61 -11 -74 +113 +75 -95 +20 -100 +120 +98 +104 +13 -101 +19 +12 +117 -40 +99 +35 -83 +129 +77 -66 -109 +41 +126 -49 +112 -65 +42 +103 +26 -81 -16 +85 +71 -14 -122 +44 +68 -27 +29 +51 -118 -128 +47 -92 -119 -33 -18 -17 +10)
(+1 +2 +3 +4 +5 +6 +7 +8 +9 +124 -90 +50 +21 +46 -31 +56 +32 +63 -58 +64 -123 +108 +111 +76 -62 -102 -88 +70 +114 +43 +36 -25 -93 -78 -73 -79 -86 -55 -57 +59 +39 -115 +69 -116 +45 +89 +96 +22 -80 -94 -84 +38 +97 +60 -72 +28 +87 +54 +23 -130 +67 -24 +110 +34 +107 +48 -30 +106 -127 +121 +37 +15 -52 +91 -105 +125 -53 -82 +61 -11 -74 +113 +75 -95 +20 -100 +120 +98 +104 +13 -101 +19 +12 +117 -40 +99 +35 -83 +129 +77 -66 -109 +41 +126 -49 +112 -65 +42 +103 +26 -81 -16 +85 +71 -14 -122 +44 +68 -27 +29 +51 -118 -128 +47 -92 -119 -33 -18 -17 +10)
(+1 +2 +3 +4 +5 +6 +7 +8 +9 -10 +17 +18 +33 +119 +92 -47 +128 +118 -51 -29 +27 -68 -44 +122 +14 -71 -85 +16 +81 -26 -103 -42 +65 -112 +49 -126 -41 +109 +66 -77 -129 +83 -35 -99 +40 -117 -12 -19 +101 -13 -104 -98 -120 +100 -20 +95 -75 -113 +74 +11 -61 +82 +53 -125 +105 -91 +52 -15 -37 -121 +127 -106 +30 -48 -107 -34 -110 +24 -67 +130 -23 -54 -87 -28 +72 -60 -97 -38 +84 +94 +80 -22 -96 -89 -45 +116 -69 +115 -39 -59 +57 +55 +86 +79 +73 +78 +93 +25 -36 -43 -114 -70 +88 +102 +62 -76 -111 -108 +123 -64 +58 -63 -32 -56 +31 -46 -21 -50 +90 -124)
(+1 +2 +3 +4 +5 +6 +7 +8 +9 +10 +17 +18 +33 +119 +92 -47 +128 +118 -51 -29 +27 -68 -44 +122 +14 -71 -85 +16 +81 -26 -103 -42 +65 -112 +49 -126 -41 +109 +66 -77 -129 +83 -35 -99 +40 -117 -12 -19 +101 -13 -104 -98 -120 +100 -20 +95 -75 -113 +74 +11 -61 +82 +53 -125 +105 -91 +52 -15 -37 -121 +127 -106 +30 -48 -107 -34 -110 +24 -67 +130 -23 -54 -87 -28 +72 -60 -97 -38 +84 +94 +80 -22 -96 -89 -45 +116 -69 +115 -39 -59 +57 +55 +86 +79 +73 +78 +93 +25 -36 -43 -114 -70 +88 +102 +62 -76 -111 -108 +123 -64 +58 -63 -32 -56 +31 -46 -21 -50 +90 -124)
(+1 +2 +3 +4 +5 +6 +7 +8 +9 +10 -11 -74 +113 +75 -95 +20 -100 +120 +98 +104 +13 -101 +19 +12 +117 -40 +99 +35 -83 +129 +77 -66 -109 +41 +126 -49 +112 -65 +42 +103 +26 -81 -16 +85 +71 -14 -122 +44 +68 -27 +29 +51 -118 -128 +47 -92 -119 -33 -18 -17 -61 +82 +53 -125 +105 -91 +52 -15 -37 -121 +127 -106 +30 -48 -107 -34 -110 +24 -67 +130 -23 -54 -87 -28 +72 -60 -97 -38 +84 +94 +80 -22 -96 -89 -45 +116 -69 +115 -39 -59 +57 +55 +86 +79 +73 +78 +93 +25 -36 -43 -114 -70 +88 +102 +62 -76 -111 -108 +123 -64 +58 -63 -32 -56 +31 -46 -21 -50 +90 -124)
(+1 +2 +3 +4 +5 +6 +7 +8 +9 +10 +11 -74 +113 +75 -95 +20 -100 +120 +98 +104 +13 -101 +19 +12 +117 -40 +99 +35 -83 +129 +77 -66 -109 +41 +126 -49 +112 -65 +42 +103 +26 -81 -16 +85 +71 -14 -122 +44 +68 -27 +29 +51 -118 -128 +47 -92 -119 -33 -18 -17 -61 +82 +53 -125 +105 -91 +52 -15 -37 -121 +127 -106 +30 -48 -107 -34 -110 +24 -67 +130 -23 -54 -87 -28 +72 -60 -97 -38 +84 +94 +80 -22 -96 -89 -45 +116 -69 +115 -39 -59 +57 +55 +86 +79 +73 +78 +93 +25 -36 -43 -114 -70 +88 +102 +62 -76 -111 -108 +123 -64 +58 -63 -32 -56 +31 -46 -21 -50 +90 -124)
(+1 +2 +3 +4 +5 +6 +7 +8 +9 +10 +11 -12 -19 +101 -13 -104 -98 -120 +100 -20 +95 -75 -113 +74 +117 -40 +99 +35 -83 +129 +77 -66 -109 +41 +126 -49 +112 -65 +42 +103 +26 -81 -16 +85 +71 -14 -122 +44 +68 -27 +29 +51 -118 -128 +47 -92 -119 -33 -18 -17 -61 +82 +53 -125 +105 -91 +52 -15 -37 -121 +127 -106 +30 -48 -107 -34 -110 +24 -67 +130 -23 -54 -87 -28 +72 -60 -97 -38 +84 +94 +80 -22 -96 -89 -45 +116 -69 +115 -39 -59 +57 +55 +86 +79 +73 +78 +93 +25 -36 -43 -114 -70 +88 +102 +62 -76 -111 -108 +123 -64 +58 -63 -32 -56 +31 -46 -21 -50 +90 -124)
(+1 +2 +3 +4 +5 +6 +7 +8 +9 +10 +11 +12 -19 +101 -13 -104 -98 -120 +100 -20 +95 -75 -113 +74 +117 -40 +99 +35 -83 +129 +77 -66 -109 +41 +126 -49 +112 -65 +42 +103 +26 -81 -16 +85 +71 -14 -122 +44 +68 -27 +29 +51 -118 -128 +47 -92 -119 -33 -18 -17 -61 +82 +53 -125 +105 -91 +52 -15 -37 -121 +127 -106 +30 -48 -107 -34 -110 +24 -67 +130 -23 -54 -87 -28 +72 -60 -97 -38 +84 +94 +80 -22 -96 -89 -45 +116 -69 +115 -39 -59 +57 +55 +86 +79 +73 +78 +93 +25 -36 -43 -114 -70 +88 +102 +62 -76 -111 -108 +123 -64 +58 -63 -32 -56 +31 -46 -21 -50 +90 -124)
(+1 +2 +3 +4 +5 +6 +7 +8 +9 +10 +11 +12 +13 -101 +19 -104 -98 -120 +100 -20 +95 -75 -113 +74 +117 -40 +99 +35 -83 +129 +77 -66 -109 +41 +126 -49 +112 -65 +42 +103 +26 -81 -16 +85 +71 -14 -122 +44 +68 -27 +29 +51 -118 -128 +47 -92 -119 -33 -18 -17 -61 +82 +53 -125 +105 -91 +52 -15 -37 -121 +127 -106 +30 -48 -107 -34 -110 +24 -67 +130 -23 -54 -87 -28 +72 -60 -97 -38 +84 +94 +80 -22 -96 -89 -45 +116 -69 +115 -39 -59 +57 +55 +86 +79 +73 +78 +93 +25 -36 -43 -114 -70 +88 +102 +62 -76 -111 -108 +123 -64 +58 -63 -32 -56 +31 -46 -21 -50 +90 -124)
(+1 +2 +3 +4 +5 +6 +7 +8 +9 +10 +11 +12 +13 +14 -71 -85 +16 +81 -26 -103 -42 +65 -112 +49 -126 -41 +109 +66 -77 -129 +83 -35 -99 +40 -117 -74 +113 +75 -95 +20 -100 +120 +98 +104 -19 +101 -122 +44 +68 -27 +29 +51 -118 -128 +47 -92 -119 -33 -18 -17 -61 +82 +53 -125 +105 -91 +52 -15 -37 -121 +127 -106 +30 -48 -107 -34 -110 +24 -67 +130 -23 -54 -87 -28 +72 -60 -97 -38 +84 +94 +80 -22 -96 -89 -45 +116 -69 +115 -39 -59 +57 +55 +86 +79 +73 +78 +93 +25 -36 -43 -114 -70 +88 +102 +62 -76 -111 -108 +123 -64 +58 -63 -32 -56 +31 -46 -21 -50 +90 -124)
(+1 +2 +3 +4 +5 +6 +7 +8 +9 +10 +11 +12 +13 +14 +15 -52 +91 -105 +125 -53 -82 +61 +17 +18 +33 +119 +92 -47 +128 +118 -51 -29 +27 -68 -44 +122 -101 +19 -104 -98 -120 +100 -20 +95 -75 -113 +74 +117 -40 +99 +35 -83 +129 +77 -66 -109 +41 +126 -49 +112 -65 +42 +103 +26 -81 -16 +85 +71 -37 -121 +127 -106 +30 -48 -107 -34 -110 +24 -67 +130 -23 -54 -87 -28 +72 -60 -97 -38 +84 +94 +80 -22 -96 -89 -45 +116 -69 +115 -39 -59 +57 +55 +86 +79 +73 +78 +93 +25 -36 -43 -114 -70 +88 +102 +62 -76 -111 -108 +123 -64 +58 -63 -32 -56 +31 -46 -21 -50 +90 -124)
(+1 +2 +3 +4 +5 +6 +7 +8 +9 +10 +11 +12 +13 +14 +15 +16 +81 -26 -103 -42 +65 -112 +49 -126 -41 +109 +66 -77 -129 +83 -35 -99 +40 -117 -74 +113 +75 -95 +20 -100 +120 +98 +104 -19 +101 -122 +44 +68 -27 +29 +51 -118 -128 +47 -92 -119 -33 -18 -17 -61 +82 +53 -125 +105 -91 +52 +85 +71 -37 -121 +127 -106 +30 -48 -107 -34 -110 +24 -67 +130 -23 -54 -87 -28 +72 -60 -97 -38 +84 +94 +80 -22 -96 -89 -45 +116 -69 +115 -39 -59 +57 +55 +86 +79 +73 +78 +93 +25 -36 -43 -114 -70 +88 +102 +62 -76 -111 -108 +123 -64 +58 -63 -32 -56 +31 -46 -21 -50 +90 -124)
(+1 +2 +3 +4 +5 +6 +7 +8 +9 +10 +11 +12 +13 +14 +15 +16 +17 +18 +33 +119 +92 -47 +128 +118 -51 -29 +27 -68 -44 +122 -101 +19 -104 -98 -120 +100 -20 +95 -75 -113 +74 +117 -40 +99 +35 -83 +129 +77 -66 -109 +41 +126 -49 +112 -65 +42 +103 +26 -81 -61 +82 +53 -125 +105 -91 +52 +85 +71 -37 -121 +127 -106 +30 -48 -107 -34 -110 +24 -67 +130 -23 -54 -87 -28 +72 -60 -97 -38 +84 +94 +80 -22 -96 -89 -45 +116 -69 +115 -39 -59 +57 +55 +86 +79 +73 +78 +93 +25 -36 -43 -114 -70 +88 +102 +62 -76 -111 -108 +123 -64 +58 -63 -32 -56 +31 -46 -21 -50 +90 -124)
(+1 +2 +3 +4 +5 +6 +7 +8 +9 +10 +11 +12 +13 +14 +15 +16 +17 +18 -19 +101 -122 +44 +68 -27 +29 +51 -118 -128 +47 -92 -119 -33 -104 -98 -120 +100 -20 +95 -75 -113 +74 +117 -40 +99 +35 -83 +129 +77 -66 -109 +41 +126 -49 +112 -65 +42 +103 +26 -81 -61 +82 +53 -125 +105 -91 +52 +85 +71 -37 -121 +127 -106 +30 -48 -107 -34 -110 +24 -67 +130 -23 -54 -87 -28 +72 -60 -97 -38 +84 +94 +80 -22 -96 -89 -45 +116 -69 +115 -39 -59 +57 +55 +86 +79 +73 +78 +93 +25 -36 -43 -114 -70 +88 +102 +62 -76 -111 -108 +123 -64 +58 -63 -32 -56 +31 -46 -21 -50 +90 -124)
(+1 +2 +3 +4 +5 +6 +7 +8 +9 +10 +11 +12 +13 +14 +15 +16 +17 +18 +19 +101 -122 +44 +68 -27 +29 +51 -118 -128 +47 -92 -119 -33 -104 -98 -120 +100 -20 +95 -75 -113 +74 +117 -40 +99 +35 -83 +129 +77 -66 -109 +41 +126 -49 +112 -65 +42 +103 +26 -81 -61 +82 +53 -125 +105 -91 +52 +85 +71 -37 -121 +127 -106 +30 -48 -107 -34 -110 +24 -67 +130 -23 -54 -87 -28 +72 -60 -97 -38 +84 +94 +80 -22 -96 -89 -45 +116 -69 +115 -39 -59 +57 +55 +86 +79 +73 +78 +93 +25 -36 -43 -114 -70 +88 +102 +62 -76 -111 -108 +123 -64 +58 -63 -32 -56 +31 -46 -21 -50 +90 -124)
(+1 +2 +3 +4 +5 +6 +7 +8 +9 +10 +11 +12 +13 +14 +15 +16 +17 +18 +19 +20 -100 +120 +98 +104 +33 +119 +92 -47 +128 +118 -51 -29 +27 -68 -44 +122 -101 +95 -75 -113 +74 +117 -40 +99 +35 -83 +129 +77 -66 -109 +41 +126 -49 +112 -65 +42 +103 +26 -81 -61 +82 +53 -125 +105 -91 +52 +85 +71 -37 -121 +127 -106 +30 -48 -107 -34 -110 +24 -67 +130 -23 -54 -87 -28 +72 -60 -97 -38 +84 +94 +80 -22 -96 -89 -45 +116 -69 +115 -39 -59 +57 +55 +86 +79 +73 +78 +93 +25 -36 -43 -114 -70 +88 +102 +62 -76 -111 -108 +123 -64 +58 -63 -32 -56 +31 -46 -21 -50 +90 -124)
(+1 +2 +3 +4 +5 +6 +7 +8 +9 +10 +11 +12 +13 +14 +15 +16 +17 +18 +19 +20 +21 +46 -31 +56 +32 +63 -58 +64 -123 +108 +111 +76 -62 -102 -88 +70 +114 +43 +36 -25 -93 -78 -73 -79 -86 -55 -57 +59 +39 -115 +69 -116 +45 +89 +96 +22 -80 -94 -84 +38 +97 +60 -72 +28 +87 +54 +23 -130 +67 -24 +110 +34 +107 +48 -30 +106 -127 +121 +37 -71 -85 -52 +91 -105 +125 -53 -82 +61 +81 -26 -103 -42 +65 -112 +49 -126 -41 +109 +66 -77 -129 +83 -35 -99 +40 -117 -74 +113 +75 -95 +101 -122 +44 +68 -27 +29 +51 -118 -128 +47 -92 -119 -33 -104 -98 -120 +100 -50 +90 -124)
(+1 +2 +3 +4 +5 +6 +7 +8 +9 +10 +11 +12 +13 +14 +15 +16 +17 +18 +19 +20 +21 -22 -96 -89 -45 +116 -69 +115 -39 -59 +57 +55 +86 +79 +73 +78 +93 +25 -36 -43 -114 -70 +88 +102 +62 -76 -111 -108 +123 -64 +58 -63 -32 -56 +31 -46 -80 -94 -84 +38 +97 +60 -72 +28 +87 +54 +23 -130 +67 -24 +110 +34 +107 +48 -30 +106 -127 +121 +37 -71 -85 -52 +91 -105 +125 -53 -82 +61 +81 -26 -103 -42 +65 -112 +49 -126 -41 +109 +66 -77 -129 +83 -35 -99 +40 -117 -74 +113 +75 -95 +101 -122 +44 +68 -27 +29 +51 -118 -128 +47 -92 -119 -33 -104 -98 -120 +100 -50 +90 -124)
(+1 +2 +3 +4 +5 +6 +7 +8 +9 +10 +11 +12 +13 +14 +15 +16 +17 +18 +19 +20 +21 +22 -96 -89 -45 +116 -69 +115 -39 -59 +57 +55 +86 +79 +73 +78 +93 +25 -36 -43 -114 -70 +88 +102 +62 -76 -111 -108 +123 -64 +58 -63 -32 -56 +31 -46 -80 -94 -84 +38 +97 +60 -72 +28 +87 +54 +23 -130 +67 -24 +110 +34 +107 +48 -30 +106 -127 +121 +37 -71 -85 -52 +91 -105 +125 -53 -82 +61 +81 -26 -103 -42 +65 -112 +49 -126 -41 +109 +66 -77 -129 +83 -35 -99 +40 -117 -74 +113 +75 -95 +101 -122 +44 +68 -27 +29 +51 -118 -128 +47 -92 -119 -33 -104 -98 -120 +100 -50 +90 -124)
(+1 +2 +3 +4 +5 +6 +7 +8 +9 +10 +11 +12 +13 +14 +15 +16 +17 +18 +19 +20 +21 +22 -23 -54 -87 -28 +72 -60 -97 -38 +84 +94 +80 +46 -31 +56 +32 +63 -58 +64 -123 +108 +111 +76 -62 -102 -88 +70 +114 +43 +36 -25 -93 -78 -73 -79 -86 -55 -57 +59 +39 -115 +69 -116 +45 +89 +96 -130 +67 -24 +110 +34 +107 +48 -30 +106 -127 +121 +37 -71 -85 -52 +91 -105 +125 -53 -82 +61 +81 -26 -103 -42 +65 -112 +49 -126 -41 +109 +66 -77 -129 +83 -35 -99 +40 -117 -74 +113 +75 -95 +101 -122 +44 +68 -27 +29 +51 -118 -128 +47 -92 -119 -33 -104 -98 -120 +100 -50 +90 -124)
(+1 +2 +3 +4 +5 +6 +7 +8 +9 +10 +11 +12 +13 +14 +15 +16 +17 +18 +19 +20 +21 +22 +23 -54 -87 -28 +72 -60 -97 -38 +84 +94 +80 +46 -31 +56 +32 +63 -58 +64 -123 +108 +111 +76 -62 -102 -88 +70 +114 +43 +36 -25 -93 -78 -73 -79 -86 -55 -57 +59 +39 -115 +69 -116 +45 +89 +96 -130 +67 -24 +110 +34 +107 +48 -30 +106 -127 +121 +37 -71 -85 -52 +91 -105 +125 -53 -82 +61 +81 -26 -103 -42 +65 -112 +49 -126 -41 +109 +66 -77 -129 +83 -35 -99 +40 -117 -74 +113 +75 -95 +101 -122 +44 +68 -27 +29 +51 -118 -128 +47 -92 -119 -33 -104 -98 -120 +100 -50 +90 -124)
(+1 +2 +3 +4 +5 +6 +7 +8 +9 +10 +11 +12 +13 +14 +15 +16 +17 +18 +19 +20 +21 +22 +23 +24 -67 +130 -96 -89 -45 +116 -69 +115 -39 -59 +57 +55 +86 +79 +73 +78 +93 +25 -36 -43 -114 -70 +88 +102 +62 -76 -111 -108 +123 -64 +58 -63 -32 -56 +31 -46 -80 -94 -84 +38 +97 +60 -72 +28 +87 +54 +110 +34 +107 +48 -30 +106 -127 +121 +37 -71 -85 -52 +91 -105 +125 -53 -82 +61 +81 -26 -103 -42 +65 -112 +49 -126 -41 +109 +66 -77 -129 +83 -35 -99 +40 -117 -74 +113 +75 -95 +101 -122 +44 +68 -27 +29 +51 -118 -128 +47 -92 -119 -33 -104 -98 -120 +100 -50 +90 -124)
(+1 +2 +3 +4 +5 +6 +7 +8 +9 +10 +11 +12 +13 +14 +15 +16 +17 +18 +19 +20 +21 +22 +23 +24 -25 -93 -78 -73 -79 -86 -55 -57 +59 +39 -115 +69 -116 +45 +89 +96 -130 +67 -36 -43 -114 -70 +88 +102 +62 -76 -111 -108 +123 -64 +58 -63 -32 -56 +31 -46 -80 -94 -84 +38 +97 +60 -72 +28 +87 +54 +110 +34 +107 +48 -30 +106 -127 +121 +37 -71 -85 -52 +91 -105 +125 -53 -82 +61 +81 -26 -103 -42 +65 -112 +49 -126 -41 +109 +66 -77 -129 +83 -35 -99 +40 -117 -74 +113 +75 -95 +101 -122 +44 +68 -27 +29 +51 -118 -128 +47 -92 -119 -33 -104 -98 -120 +100 -50 +90 -124)
(+1 +2 +3 +4 +5 +6 +7 +8 +9 +10 +11 +12 +13 +14 +15 +16 +17 +18 +19 +20 +21 +22 +23 +24 +25 -93 -78 -73 -79 -86 -55 -57 +59 +39 -115 +69 -116 +45 +89 +96 -130 +67 -36 -43 -114 -70 +88 +102 +62 -76 -111 -108 +123 -64 +58 -63 -32 -56 +31 -46 -80 -94 -84 +38 +97 +60 -72 +28 +87 +54 +110 +34 +107 +48 -30 +106 -127 +121 +37 -71 -85 -52 +91 -105 +125 -53 -82 +61 +81 -26 -103 -42 +65 -112 +49 -126 -41 +109 +66 -77 -129 +83 -35 -99 +40 -117 -74 +113 +75 -95 +101 -122 +44 +68 -27 +29 +51 -118 -128 +47 -92 -119 -33 -104 -98 -120 +100 -50 +90 -124)
(+1 +2 +3 +4 +5 +6 +7 +8 +9 +10 +11 +12 +13 +14 +15 +16 +17 +18 +19 +20 +21 +22 +23 +24 +25 +26 -81 -61 +82 +53 -125 +105 -91 +52 +85 +71 -37 -121 +127 -106 +30 -48 -107 -34 -110 -54 -87 -28 +72 -60 -97 -38 +84 +94 +80 +46 -31 +56 +32 +63 -58 +64 -123 +108 +111 +76 -62 -102 -88 +70 +114 +43 +36 -67 +130 -96 -89 -45 +116 -69 +115 -39 -59 +57 +55 +86 +79 +73 +78 +93 -103 -42 +65 -112 +49 -126 -41 +109 +66 -77 -129 +83 -35 -99 +40 -117 -74 +113 +75 -95 +101 -122 +44 +68 -27 +29 +51 -118 -128 +47 -92 -119 -33 -104 -98 -120 +100 -50 +90 -124)
(+1 +2 +3 +4 +5 +6 +7 +8 +9 +10 +11 +12 +13 +14 +15 +16 +17 +18 +19 +20 +21 +22 +23 +24 +25 +26 +27 -68 -44 +122 -101 +95 -75 -113 +74 +117 -40 +99 +35 -83 +129 +77 -66 -109 +41 +126 -49 +112 -65 +42 +103 -93 -78 -73 -79 -86 -55 -57 +59 +39 -115 +69 -116 +45 +89 +96 -130 +67 -36 -43 -114 -70 +88 +102 +62 -76 -111 -108 +123 -64 +58 -63 -32 -56 +31 -46 -80 -94 -84 +38 +97 +60 -72 +28 +87 +54 +110 +34 +107 +48 -30 +106 -127 +121 +37 -71 -85 -52 +91 -105 +125 -53 -82 +61 +81 +29 +51 -118 -128 +47 -92 -119 -33 -104 -98 -120 +100 -50 +90 -124)
(+1 +2 +3 +4 +5 +6 +7 +8 +9 +10 +11 +12 +13 +14 +15 +16 +17 +18 +19 +20 +21 +22 +23 +24 +25 +26 +27 -28 +72 -60 -97 -38 +84 +94 +80 +46 -31 +56 +32 +63 -58 +64 -123 +108 +111 +76 -62 -102 -88 +70 +114 +43 +36 -67 +130 -96 -89 -45 +116 -69 +115 -39 -59 +57 +55 +86 +79 +73 +78 +93 -103 -42 +65 -112 +49 -126 -41 +109 +66 -77 -129 +83 -35 -99 +40 -117 -74 +113 +75 -95 +101 -122 +44 +68 +87 +54 +110 +34 +107 +48 -30 +106 -127 +121 +37 -71 -85 -52 +91 -105 +125 -53 -82 +61 +81 +29 +51 -118 -128 +47 -92 -119 -33 -104 -98 -120 +100 -50 +90 -124)
(+1 +2 +3 +4 +5 +6 +7 +8 +9 +10 +11 +12 +13 +14 +15 +16 +17 +18 +19 +20 +21 +22 +23 +24 +25 +26 +27 +28 +72 -60 -97 -38 +84 +94 +80 +46 -31 +56 +32 +63 -58 +64 -123 +108 +111 +76 -62 -102 -88 +70 +114 +43 +36 -67 +130 -96 -89 -45 +116 -69 +115 -39 -59 +57 +55 +86 +79 +73 +78 +93 -103 -42 +65 -112 +49 -126 -41 +109 +66 -77 -129 +83 -35 -99 +40 -117 -74 +113 +75 -95 +101 -122 +44 +68 +87 +54 +110 +34 +107 +48 -30 +106 -127 +121 +37 -71 -85 -52 +91 -105 +125 -53 -82 +61 +81 +29 +51 -118 -128 +47 -92 -119 -33 -104 -98 -120 +100 -50 +90 -124)
(+1 +2 +3 +4 +5 +6 +7 +8 +9 +10 +11 +12 +13 +14 +15 +16 +17 +18 +19 +20 +21 +22 +23 +24 +25 +26 +27 +28 -29 -81 -61 +82 +53 -125 +105 -91 +52 +85 +71 -37 -121 +127 -106 +30 -48 -107 -34 -110 -54 -87 -68 -44 +122 -101 +95 -75 -113 +74 +117 -40 +99 +35 -83 +129 +77 -66 -109 +41 +126 -49 +112 -65 +42 +103 -93 -78 -73 -79 -86 -55 -57 +59 +39 -115 +69 -116 +45 +89 +96 -130 +67 -36 -43 -114 -70 +88 +102 +62 -76 -111 -108 +123 -64 +58 -63 -32 -56 +31 -46 -80 -94 -84 +38 +97 +60 -72 +51 -118 -128 +47 -92 -119 -33 -104 -98 -120 +100 -50 +90 -124)
(+1 +2 +3 +4 +5 +6 +7 +8 +9 +10 +11 +12 +13 +14 +15 +16 +17 +18 +19 +20 +21 +22 +23 +24 +25 +26 +27 +28 +29 -81 -61 +82 +53 -125 +105 -91 +52 +85 +71 -37 -121 +127 -106 +30 -48 -107 -34 -110 -54 -87 -68 -44 +122 -101 +95 -75 -113 +74 +117 -40 +99 +35 -83 +129 +77 -66 -109 +41 +126 -49 +112 -65 +42 +103 -93 -78 -73 -79 -86 -55 -57 +59 +39 -115 +69 -116 +45 +89 +96 -130 +67 -36 -43 -114 -70 +88 +102 +62 -76 -111 -108 +123 -64 +58 -63 -32 -56 +31 -46 -80 -94 -84 +38 +97 +60 -72 +51 -118 -128 +47 -92 -119 -33 -104 -98 -120 +100 -50 +90 -124)
(+1 +2 +3 +4 +5 +6 +7 +8 +9 +10 +11 +12 +13 +14 +15 +16 +17 +18 +19 +20 +21 +22 +23 +24 +25 +26 +27 +28 +29 -30 +106 -127 +121 +37 -71 -85 -52 +91 -105 +125 -53 -82 +61 +81 -48 -107 -34 -110 -54 -87 -68 -44 +122 -101 +95 -75 -113 +74 +117 -40 +99 +35 -83 +129 +77 -66 -109 +41 +126 -49 +112 -65 +42 +103 -93 -78 -73 -79 -86 -55 -57 +59 +39 -115 +69 -116 +45 +89 +96 -130 +67 -36 -43 -114 -70 +88 +102 +62 -76 -111 -108 +123 -64 +58 -63 -32 -56 +31 -46 -80 -94 -84 +38 +97 +60 -72 +51 -118 -128 +47 -92 -119 -33 -104 -98 -120 +100 -50 +90 -124)
(+1 +2 +3 +4 +5 +6 +7 +8 +9 +10 +11 +12 +13 +14 +15 +16 +17 +18 +19 +20 +21 +22 +23 +24 +25 +26 +27 +28 +29 +30 +106 -127 +121 +37 -71 -85 -52 +91 -105 +125 -53 -82 +61 +81 -48 -107 -34 -110 -54 -87 -68 -44 +122 -101 +95 -75 -113 +74 +117 -40 +99 +35 -83 +129 +77 -66 -109 +41 +126 -49 +112 -65 +42 +103 -93 -78 -73 -79 -86 -55 -57 +59 +39 -115 +69 -116 +45 +89 +96 -130 +67 -36 -43 -114 -70 +88 +102 +62 -76 -111 -108 +123 -64 +58 -63 -32 -56 +31 -46 -80 -94 -84 +38 +97 +60 -72 +51 -118 -128 +47 -92 -119 -33 -104 -98 -120 +100 -50 +90 -124)
(+1 +2 +3 +4 +5 +6 +7 +8 +9 +10 +11 +12 +13 +14 +15 +16 +17 +18 +19 +20 +21 +22 +23 +24 +25 +26 +27 +28 +29 +30 -31 +56 +32 +63 -58 +64 -123 +108 +111 +76 -62 -102 -88 +70 +114 +43 +36 -67 +130 -96 -89 -45 +116 -69 +115 -39 -59 +57 +55 +86 +79 +73 +78 +93 -103 -42 +65 -112 +49 -126 -41 +109 +66 -77 -129 +83 -35 -99 +40 -117 -74 +113 +75 -95 +101 -122 +44 +68 +87 +54 +110 +34 +107 +48 -81 -61 +82 +53 -125 +105 -91 +52 +85 +71 -37 -121 +127 -106 -46 -80 -94 -84 +38 +97 +60 -72 +51 -118 -128 +47 -92 -119 -33 -104 -98 -120 +100 -50 +90 -124)
(+1 +2 +3 +4 +5 +6 +7 +8 +9 +10 +11 +12 +13 +14 +15 +16 +17 +18 +19 +20 +21 +22 +23 +24 +25 +26 +27 +28 +29 +30 +31 +56 +32 +63 -58 +64 -123 +108 +111 +76 -62 -102 -88 +70 +114 +43 +36 -67 +130 -96 -89 -45 +116 -69 +115 -39 -59 +57 +55 +86 +79 +73 +78 +93 -103 -42 +65 -112 +49 -126 -41 +109 +66 -77 -129 +83 -35 -99 +40 -117 -74 +113 +75 -95 +101 -122 +44 +68 +87 +54 +110 +34 +107 +48 -81 -61 +82 +53 -125 +105 -91 +52 +85 +71 -37 -121 +127 -106 -46 -80 -94 -84 +38 +97 +60 -72 +51 -118 -128 +47 -92 -119 -33 -104 -98 -120 +100 -50 +90 -124)
(+1 +2 +3 +4 +5 +6 +7 +8 +9 +10 +11 +12 +13 +14 +15 +16 +17 +18 +19 +20 +21 +22 +23 +24 +25 +26 +27 +28 +29 +30 +31 -32 -56 +63 -58 +64 -123 +108 +111 +76 -62 -102 -88 +70 +114 +43 +36 -67 +130 -96 -89 -45 +116 -69 +115 -39 -59 +57 +55 +86 +79 +73 +78 +93 -103 -42 +65 -112 +49 -126 -41 +109 +66 -77 -129 +83 -35 -99 +40 -117 -74 +113 +75 -95 +101 -122 +44 +68 +87 +54 +110 +34 +107 +48 -81 -61 +82 +53 -125 +105 -91 +52 +85 +71 -37 -121 +127 -106 -46 -80 -94 -84 +38 +97 +60 -72 +51 -118 -128 +47 -92 -119 -33 -104 -98 -120 +100 -50 +90 -124)
(+1 +2 +3 +4 +5 +6 +7 +8 +9 +10 +11 +12 +13 +14 +15 +16 +17 +18 +19 +20 +21 +22 +23 +24 +25 +26 +27 +28 +29 +30 +31 +32 -56 +63 -58 +64 -123 +108 +111 +76 -62 -102 -88 +70 +114 +43 +36 -67 +130 -96 -89 -45 +116 -69 +115 -39 -59 +57 +55 +86 +79 +73 +78 +93 -103 -42 +65 -112 +49 -126 -41 +109 +66 -77 -129 +83 -35 -99 +40 -117 -74 +113 +75 -95 +101 -122 +44 +68 +87 +54 +110 +34 +107 +48 -81 -61 +82 +53 -125 +105 -91 +52 +85 +71 -37 -121 +127 -106 -46 -80 -94 -84 +38 +97 +60 -72 +51 -118 -128 +47 -92 -119 -33 -104 -98 -120 +100 -50 +90 -124)
(+1 +2 +3 +4 +5 +6 +7 +8 +9 +10 +11 +12 +13 +14 +15 +16 +17 +18 +19 +20 +21 +22 +23 +24 +25 +26 +27 +28 +29 +30 +31 +32 +33 +119 +92 -47 +128 +118 -51 +72 -60 -97 -38 +84 +94 +80 +46 +106 -127 +121 +37 -71 -85 -52 +91 -105 +125 -53 -82 +61 +81 -48 -107 -34 -110 -54 -87 -68 -44 +122 -101 +95 -75 -113 +74 +117 -40 +99 +35 -83 +129 +77 -66 -109 +41 +126 -49 +112 -65 +42 +103 -93 -78 -73 -79 -86 -55 -57 +59 +39 -115 +69 -116 +45 +89 +96 -130 +67 -36 -43 -114 -70 +88 +102 +62 -76 -111 -108 +123 -64 +58 -63 +56 -104 -98 -120 +100 -50 +90 -124)
(+1 +2 +3 +4 +5 +6 +7 +8 +9 +10 +11 +12 +13 +14 +15 +16 +17 +18 +19 +20 +21 +22 +23 +24 +25 +26 +27 +28 +29 +30 +31 +32 +33 +34 +107 +48 -81 -61 +82 +53 -125 +105 -91 +52 +85 +71 -37 -121 +127 -106 -46 -80 -94 -84 +38 +97 +60 -72 +51 -118 -128 +47 -92 -119 -110 -54 -87 -68 -44 +122 -101 +95 -75 -113 +74 +117 -40 +99 +35 -83 +129 +77 -66 -109 +41 +126 -49 +112 -65 +42 +103 -93 -78 -73 -79 -86 -55 -57 +59 +39 -115 +69 -116 +45 +89 +96 -130 +67 -36 -43 -114 -70 +88 +102 +62 -76 -111 -108 +123 -64 +58 -63 +56 -104 -98 -120 +100 -50 +90 -124)
(+1 +2 +3 +4 +5 +6 +7 +8 +9 +10 +11 +12 +13 +14 +15 +16 +17 +18 +19 +20 +21 +22 +23 +24 +25 +26 +27 +28 +29 +30 +31 +32 +33 +34 -35 -99 +40 -117 -74 +113 +75 -95 +101 -122 +44 +68 +87 +54 +110 +119 +92 -47 +128 +118 -51 +72 -60 -97 -38 +84 +94 +80 +46 +106 -127 +121 +37 -71 -85 -52 +91 -105 +125 -53 -82 +61 +81 -48 -107 -83 +129 +77 -66 -109 +41 +126 -49 +112 -65 +42 +103 -93 -78 -73 -79 -86 -55 -57 +59 +39 -115 +69 -116 +45 +89 +96 -130 +67 -36 -43 -114 -70 +88 +102 +62 -76 -111 -108 +123 -64 +58 -63 +56 -104 -98 -120 +100 -50 +90 -124)
(+1 +2 +3 +4 +5 +6 +7 +8 +9 +10 +11 +12 +13 +14 +15 +16 +17 +18 +19 +20 +21 +22 +23 +24 +25 +26 +27 +28 +29 +30 +31 +32 +33 +34 +35 -99 +40 -117 -74 +113 +75 -95 +101 -122 +44 +68 +87 +54 +110 +119 +92 -47 +128 +118 -51 +72 -60 -97 -38 +84 +94 +80 +46 +106 -127 +121 +37 -71 -85 -52 +91 -105 +125 -53 -82 +61 +81 -48 -107 -83 +129 +77 -66 -109 +41 +126 -49 +112 -65 +42 +103 -93 -78 -73 -79 -86 -55 -57 +59 +39 -115 +69 -116 +45 +89 +96 -130 +67 -36 -43 -114 -70 +88 +102 +62 -76 -111 -108 +123 -64 +58 -63 +56 -104 -98 -120 +100 -50 +90 -124)
(+1 +2 +3 +4 +5 +6 +7 +8 +9 +10 +11 +12 +13 +14 +15 +16 +17 +18 +19 +20 +21 +22 +23 +24 +25 +26 +27 +28 +29 +30 +31 +32 +33 +34 +35 +36 -67 +130 -96 -89 -45 +116 -69 +115 -39 -59 +57 +55 +86 +79 +73 +78 +93 -103 -42 +65 -112 +49 -126 -41 +109 +66 -77 -129 +83 +107 +48 -81 -61 +82 +53 -125 +105 -91 +52 +85 +71 -37 -121 +127 -106 -46 -80 -94 -84 +38 +97 +60 -72 +51 -118 -128 +47 -92 -119 -110 -54 -87 -68 -44 +122 -101 +95 -75 -113 +74 +117 -40 +99 -43 -114 -70 +88 +102 +62 -76 -111 -108 +123 -64 +58 -63 +56 -104 -98 -120 +100 -50 +90 -124)
(+1 +2 +3 +4 +5 +6 +7 +8 +9 +10 +11 +12 +13 +14 +15 +16 +17 +18 +19 +20 +21 +22 +23 +24 +25 +26 +27 +28 +29 +30 +31 +32 +33 +34 +35 +36 +37 -71 -85 -52 +91 -105 +125 -53 -82 +61 +81 -48 -107 -83 +129 +77 -66 -109 +41 +126 -49 +112 -65 +42 +103 -93 -78 -73 -79 -86 -55 -57 +59 +39 -115 +69 -116 +45 +89 +96 -130 +67 -121 +127 -106 -46 -80 -94 -84 +38 +97 +60 -72 +51 -118 -128 +47 -92 -119 -110 -54 -87 -68 -44 +122 -101 +95 -75 -113 +74 +117 -40 +99 -43 -114 -70 +88 +102 +62 -76 -111 -108 +123 -64 +58 -63 +56 -104 -98 -120 +100 -50 +90 -124)
(+1 +2 +3 +4 +5 +6 +7 +8 +9 +10 +11 +12 +13 +14 +15 +16 +17 +18 +19 +20 +21 +22 +23 +24 +25 +26 +27 +28 +29 +30 +31 +32 +33 +34 +35 +36 +37 -38 +84 +94 +80 +46 +106 -127 +121 -67 +130 -96 -89 -45 +116 -69 +115 -39 -59 +57 +55 +86 +79 +73 +78 +93 -103 -42 +65 -112 +49 -126 -41 +109 +66 -77 -129 +83 +107 +48 -81 -61 +82 +53 -125 +105 -91 +52 +85 +71 +97 +60 -72 +51 -118 -128 +47 -92 -119 -110 -54 -87 -68 -44 +122 -101 +95 -75 -113 +74 +117 -40 +99 -43 -114 -70 +88 +102 +62 -76 -111 -108 +123 -64 +58 -63 +56 -104 -98 -120 +100 -50 +90 -124)
(+1 +2 +3 +4 +5 +6 +7 +8 +9 +10 +11 +12 +13 +14 +15 +16 +17 +18 +19 +20 +21 +22 +23 +24 +25 +26 +27 +28 +29 +30 +31 +32 +33 +34 +35 +36 +37 +38 +84 +94 +80 +46 +106 -127 +121 -67 +130 -96 -89 -45 +116 -69 +115 -39 -59 +57 +55 +86 +79 +73 +78 +93 -103 -42 +65 -112 +49 -126 -41 +109 +66 -77 -129 +83 +107 +48 -81 -61 +82 +53 -125 +105 -91 +52 +85 +71 +97 +60 -72 +51 -118 -128 +47 -92 -119 -110 -54 -87 -68 -44 +122 -101 +95 -75 -113 +74 +117 -40 +99 -43 -114 -70 +88 +102 +62 -76 -111 -108 +123 -64 +58 -63 +56 -104 -98 -120 +100 -50 +90 -124)
(+1 +2 +3 +4 +5 +6 +7 +8 +9 +10 +11 +12 +13 +14 +15 +16 +17 +18 +19 +20 +21 +22 +23 +24 +25 +26 +27 +28 +29 +30 +31 +32 +33 +34 +35 +36 +37 +38 +39 -115 +69 -116 +45 +89 +96 -130 +67 -121 +127 -106 -46 -80 -94 -84 -59 +57 +55 +86 +79 +73 +78 +93 -103 -42 +65 -112 +49 -126 -41 +109 +66 -77 -129 +83 +107 +48 -81 -61 +82 +53 -125 +105 -91 +52 +85 +71 +97 +60 -72 +51 -118 -128 +47 -92 -119 -110 -54 -87 -68 -44 +122 -101 +95 -75 -113 +74 +117 -40 +99 -43 -114 -70 +88 +102 +62 -76 -111 -108 +123 -64 +58 -63 +56 -104 -98 -120 +100 -50 +90 -124)
(+1 +2 +3 +4 +5 +6 +7 +8 +9 +10 +11 +12 +13 +14 +15 +16 +17 +18 +19 +20 +21 +22 +23 +24 +25 +26 +27 +28 +29 +30 +31 +32 +33 +34 +35 +36 +37 +38 +39 +40 -117 -74 +113 +75 -95 +101 -122 +44 +68 +87 +54 +110 +119 +92 -47 +128 +118 -51 +72 -60 -97 -71 -85 -52 +91 -105 +125 -53 -82 +61 +81 -48 -107 -83 +129 +77 -66 -109 +41 +126 -49 +112 -65 +42 +103 -93 -78 -73 -79 -86 -55 -57 +59 +84 +94 +80 +46 +106 -127 +121 -67 +130 -96 -89 -45 +116 -69 +115 +99 -43 -114 -70 +88 +102 +62 -76 -111 -108 +123 -64 +58 -63 +56 -104 -98 -120 +100 -50 +90 -124)
(+1 +2 +3 +4 +5 +6 +7 +8 +9 +10 +11 +12 +13 +14 +15 +16 +17 +18 +19 +20 +21 +22 +23 +24 +25 +26 +27 +28 +29 +30 +31 +32 +33 +34 +35 +36 +37 +38 +39 +40 -41 +109 +66 -77 -129 +83 +107 +48 -81 -61 +82 +53 -125 +105 -91 +52 +85 +71 +97 +60 -72 +51 -118 -128 +47 -92 -119 -110 -54 -87 -68 -44 +122 -101 +95 -75 -113 +74 +117 +126 -49 +112 -65 +42 +103 -93 -78 -73 -79 -86 -55 -57 +59 +84 +94 +80 +46 +106 -127 +121 -67 +130 -96 -89 -45 +116 -69 +115 +99 -43 -114 -70 +88 +102 +62 -76 -111 -108 +123 -64 +58 -63 +56 -104 -98 -120 +100 -50 +90 -124)
(+1 +2 +3 +4 +5 +6 +7 +8 +9 +10 +11 +12 +13 +14 +15 +16 +17 +18 +19 +20 +21 +22 +23 +24 +25 +26 +27 +28 +29 +30 +31 +32 +33 +34 +35 +36 +37 +38 +39 +40 +41 +109 +66 -77 -129 +83 +107 +48 -81 -61 +82 +53 -125 +105 -91 +52 +85 +71 +97 +60 -72 +51 -118 -128 +47 -92 -119 -110 -54 -87 -68 -44 +122 -101 +95 -75 -113 +74 +117 +126 -49 +112 -65 +42 +103 -93 -78 -73 -79 -86 -55 -57 +59 +84 +94 +80 +46 +106 -127 +121 -67 +130 -96 -89 -45 +116 -69 +115 +99 -43 -114 -70 +88 +102 +62 -76 -111 -108 +123 -64 +58 -63 +56 -104 -98 -120 +100 -50 +90 -124)
(+1 +2 +3 +4 +5 +6 +7 +8 +9 +10 +11 +12 +13 +14 +15 +16 +17 +18 +19 +20 +21 +22 +23 +24 +25 +26 +27 +28 +29 +30 +31 +32 +33 +34 +35 +36 +37 +38 +39 +40 +41 -42 +65 -112 +49 -126 -117 -74 +113 +75 -95 +101 -122 +44 +68 +87 +54 +110 +119 +92 -47 +128 +118 -51 +72 -60 -97 -71 -85 -52 +91 -105 +125 -53 -82 +61 +81 -48 -107 -83 +129 +77 -66 -109 +103 -93 -78 -73 -79 -86 -55 -57 +59 +84 +94 +80 +46 +106 -127 +121 -67 +130 -96 -89 -45 +116 -69 +115 +99 -43 -114 -70 +88 +102 +62 -76 -111 -108 +123 -64 +58 -63 +56 -104 -98 -120 +100 -50 +90 -124)
(+1 +2 +3 +4 +5 +6 +7 +8 +9 +10 +11 +12 +13 +14 +15 +16 +17 +18 +19 +20 +21 +22 +23 +24 +25 +26 +27 +28 +29 +30 +31 +32 +33 +34 +35 +36 +37 +38 +39 +40 +41 +42 +65 -112 +49 -126 -117 -74 +113 +75 -95 +101 -122 +44 +68 +87 +54 +110 +119 +92 -47 +128 +118 -51 +72 -60 -97 -71 -85 -52 +91 -105 +125 -53 -82 +61 +81 -48 -107 -83 +129 +77 -66 -109 +103 -93 -78 -73 -79 -86 -55 -57 +59 +84 +94 +80 +46 +106 -127 +121 -67 +130 -96 -89 -45 +116 -69 +115 +99 -43 -114 -70 +88 +102 +62 -76 -111 -108 +123 -64 +58 -63 +56 -104 -98 -120 +100 -50 +90 -124)
(+1 +2 +3 +4 +5 +6 +7 +8 +9 +10 +11 +12 +13 +14 +15 +16 +17 +18 +19 +20 +21 +22 +23 +24 +25 +26 +27 +28 +29 +30 +31 +32 +33 +34 +35 +36 +37 +38 +39 +40 +41 +42 +43 -99 -115 +69 -116 +45 +89 +96 -130 +67 -121 +127 -106 -46 -80 -94 -84 -59 +57 +55 +86 +79 +73 +78 +93 -103 +109 +66 -77 -129 +83 +107 +48 -81 -61 +82 +53 -125 +105 -91 +52 +85 +71 +97 +60 -72 +51 -118 -128 +47 -92 -119 -110 -54 -87 -68 -44 +122 -101 +95 -75 -113 +74 +117 +126 -49 +112 -65 -114 -70 +88 +102 +62 -76 -111 -108 +123 -64 +58 -63 +56 -104 -98 -120 +100 -50 +90 -124)
(+1 +2 +3 +4 +5 +6 +7 +8 +9 +10 +11 +12 +13 +14 +15 +16 +17 +18 +19 +20 +21 +22 +23 +24 +25 +26 +27 +28 +29 +30 +31 +32 +33 +34 +35 +36 +37 +38 +39 +40 +41 +42 +43 +44 +68 +87 +54 +110 +119 +92 -47 +128 +118 -51 +72 -60 -97 -71 -85 -52 +91 -105 +125 -53 -82 +61 +81 -48 -107 -83 +129 +77 -66 -109 +103 -93 -78 -73 -79 -86 -55 -57 +59 +84 +94 +80 +46 +106 -127 +121 -67 +130 -96 -89 -45 +116 -69 +115 +99 +122 -101 +95 -75 -113 +74 +117 +126 -49 +112 -65 -114 -70 +88 +102 +62 -76 -111 -108 +123 -64 +58 -63 +56 -104 -98 -120 +100 -50 +90 -124)
(+1 +2 +3 +4 +5 +6 +7 +8 +9 +10 +11 +12 +13 +14 +15 +16 +17 +18 +19 +20 +21 +22 +23 +24 +25 +26 +27 +28 +29 +30 +31 +32 +33 +34 +35 +36 +37 +38 +39 +40 +41 +42 +43 +44 +45 +89 +96 -130 +67 -121 +127 -106 -46 -80 -94 -84 -59 +57 +55 +86 +79 +73 +78 +93 -103 +109 +66 -77 -129 +83 +107 +48 -81 -61 +82 +53 -125 +105 -91 +52 +85 +71 +97 +60 -72 +51 -118 -128 +47 -92 -119 -110 -54 -87 -68 +116 -69 +115 +99 +122 -101 +95 -75 -113 +74 +117 +126 -49 +112 -65 -114 -70 +88 +102 +62 -76 -111 -108 +123 -64 +58 -63 +56 -104 -98 -120 +100 -50 +90 -124)
(+1 +2 +3 +4 +5 +6 +7 +8 +9 +10 +11 +12 +13 +14 +15 +16 +17 +18 +19 +20 +21 +22 +23 +24 +25 +26 +27 +28 +29 +30 +31 +32 +33 +34 +35 +36 +37 +38 +39 +40 +41 +42 +43 +44 +45 +46 +106 -127 +121 -67 +130 -96 -89 -80 -94 -84 -59 +57 +55 +86 +79 +73 +78 +93 -103 +109 +66 -77 -129 +83 +107 +48 -81 -61 +82 +53 -125 +105 -91 +52 +85 +71 +97 +60 -72 +51 -118 -128 +47 -92 -119 -110 -54 -87 -68 +116 -69 +115 +99 +122 -101 +95 -75 -113 +74 +117 +126 -49 +112 -65 -114 -70 +88 +102 +62 -76 -111 -108 +123 -64 +58 -63 +56 -104 -98 -120 +100 -50 +90 -124)
(+1 +2 +3 +4 +5 +6 +7 +8 +9 +10 +11 +12 +13 +14 +15 +16 +17 +18 +19 +20 +21 +22 +23 +24 +25 +26 +27 +28 +29 +30 +31 +32 +33 +34 +35 +36 +37 +38 +39 +40 +41 +42 +43 +44 +45 +46 -47 +128 +118 -51 +72 -60 -97 -71 -85 -52 +91 -105 +125 -53 -82 +61 +81 -48 -107 -83 +129 +77 -66 -109 +103 -93 -78 -73 -79 -86 -55 -57 +59 +84 +94 +80 +89 +96 -130 +67 -121 +127 -106 -92 -119 -110 -54 -87 -68 +116 -69 +115 +99 +122 -101 +95 -75 -113 +74 +117 +126 -49 +112 -65 -114 -70 +88 +102 +62 -76 -111 -108 +123 -64 +58 -63 +56 -104 -98 -120 +100 -50 +90 -124)
(+1 +2 +3 +4 +5 +6 +7 +8 +9 +10 +11 +12 +13 +14 +15 +16 +17 +18 +19 +20 +21 +22 +23 +24 +25 +26 +27 +28 +29 +30 +31 +32 +33 +34 +35 +36 +37 +38 +39 +40 +41 +42 +43 +44 +45 +46 +47 +128 +118 -51 +72 -60 -97 -71 -85 -52 +91 -105 +125 -53 -82 +61 +81 -48 -107 -83 +129 +77 -66 -109 +103 -93 -78 -73 -79 -86 -55 -57 +59 +84 +94 +80 +89 +96 -130 +67 -121 +127 -106 -92 -119 -110 -54 -87 -68 +116 -69 +115 +99 +122 -101 +95 -75 -113 +74 +117 +126 -49 +112 -65 -114 -70 +88 +102 +62 -76 -111 -108 +123 -64 +58 -63 +56 -104 -98 -120 +100 -50 +90 -124)
(+1 +2 +3 +4 +5 +6 +7 +8 +9 +10 +11 +12 +13 +14 +15 +16 +17 +18 +19 +20 +21 +22 +23 +24 +25 +26 +27 +28 +29 +30 +31 +32 +33 +34 +35 +36 +37 +38 +39 +40 +41 +42 +43 +44 +45 +46 +47 +48 -81 -61 +82 +53 -125 +105 -91 +52 +85 +71 +97 +60 -72 +51 -118 -128 -107 -83 +129 +77 -66 -109 +103 -93 -78 -73 -79 -86 -55 -57 +59 +84 +94 +80 +89 +96 -130 +67 -121 +127 -106 -92 -119 -110 -54 -87 -68 +116 -69 +115 +99 +122 -101 +95 -75 -113 +74 +117 +126 -49 +112 -65 -114 -70 +88 +102 +62 -76 -111 -108 +123 -64 +58 -63 +56 -104 -98 -120 +100 -50 +90 -124)
(+1 +2 +3 +4 +5 +6 +7 +8 +9 +10 +11 +12 +13 +14 +15 +16 +17 +18 +19 +20 +21 +22 +23 +24 +25 +26 +27 +28 +29 +30 +31 +32 +33 +34 +35 +36 +37 +38 +39 +40 +41 +42 +43 +44 +45 +46 +47 +48 +49 -126 -117 -74 +113 +75 -95 +101 -122 -99 -115 +69 -116 +68 +87 +54 +110 +119 +92 +106 -127 +121 -67 +130 -96 -89 -80 -94 -84 -59 +57 +55 +86 +79 +73 +78 +93 -103 +109 +66 -77 -129 +83 +107 +128 +118 -51 +72 -60 -97 -71 -85 -52 +91 -105 +125 -53 -82 +61 +81 +112 -65 -114 -70 +88 +102 +62 -76 -111 -108 +123 -64 +58 -63 +56 -104 -98 -120 +100 -50 +90 -124)
(+1 +2 +3 +4 +5 +6 +7 +8 +9 +10 +11 +12 +13 +14 +15 +16 +17 +18 +19 +20 +21 +22 +23 +24 +25 +26 +27 +28 +29 +30 +31 +32 +33 +34 +35 +36 +37 +38 +39 +40 +41 +42 +43 +44 +45 +46 +47 +48 +49 +50 -100 +120 +98 +104 -56 +63 -58 +64 -123 +108 +111 +76 -62 -102 -88 +70 +114 +65 -112 -81 -61 +82 +53 -125 +105 -91 +52 +85 +71 +97 +60 -72 +51 -118 -128 -107 -83 +129 +77 -66 -109 +103 -93 -78 -73 -79 -86 -55 -57 +59 +84 +94 +80 +89 +96 -130 +67 -121 +127 -106 -92 -119 -110 -54 -87 -68 +116 -69 +115 +99 +122 -101 +95 -75 -113 +74 +117 +126 +90 -124)
(+1 +2 +3 +4 +5 +6 +7 +8 +9 +10 +11 +12 +13 +14 +15 +16 +17 +18 +19 +20 +21 +22 +23 +24 +25 +26 +27 +28 +29 +30 +31 +32 +33 +34 +35 +36 +37 +38 +39 +40 +41 +42 +43 +44 +45 +46 +47 +48 +49 +50 -51 +72 -60 -97 -71 -85 -52 +91 -105 +125 -53 -82 +61 +81 +112 -65 -114 -70 +88 +102 +62 -76 -111 -108 +123 -64 +58 -63 +56 -104 -98 -120 +100 -118 -128 -107 -83 +129 +77 -66 -109 +103 -93 -78 -73 -79 -86 -55 -57 +59 +84 +94 +80 +89 +96 -130 +67 -121 +127 -106 -92 -119 -110 -54 -87 -68 +116 -69 +115 +99 +122 -101 +95 -75 -113 +74 +117 +126 +90 -124)
(+1 +2 +3 +4 +5 +6 +7 +8 +9 +10 +11 +12 +13 +14 +15 +16 +17 +18 +19 +20 +21 +22 +23 +24 +25 +26 +27 +28 +29 +30 +31 +32 +33 +34 +35 +36 +37 +38 +39 +40 +41 +42 +43 +44 +45 +46 +47 +48 +49 +50 +51 +72 -60 -97 -71 -85 -52 +91 -105 +125 -53 -82 +61 +81 +112 -65 -114 -70 +88 +102 +62 -76 -111 -108 +123 -64 +58 -63 +56 -104 -98 -120 +100 -118 -128 -107 -83 +129 +77 -66 -109 +103 -93 -78 -73 -79 -86 -55 -57 +59 +84 +94 +80 +89 +96 -130 +67 -121 +127 -106 -92 -119 -110 -54 -87 -68 +116 -69 +115 +99 +122 -101 +95 -75 -113 +74 +117 +126 +90 -124)
(+1 +2 +3 +4 +5 +6 +7 +8 +9 +10 +11 +12 +13 +14 +15 +16 +17 +18 +19 +20 +21 +22 +23 +24 +25 +26 +27 +28 +29 +30 +31 +32 +33 +34 +35 +36 +37 +38 +39 +40 +41 +42 +43 +44 +45 +46 +47 +48 +49 +50 +51 +52 +85 +71 +97 +60 -72 +91 -105 +125 -53 -82 +61 +81 +112 -65 -114 -70 +88 +102 +62 -76 -111 -108 +123 -64 +58 -63 +56 -104 -98 -120 +100 -118 -128 -107 -83 +129 +77 -66 -109 +103 -93 -78 -73 -79 -86 -55 -57 +59 +84 +94 +80 +89 +96 -130 +67 -121 +127 -106 -92 -119 -110 -54 -87 -68 +116 -69 +115 +99 +122 -101 +95 -75 -113 +74 +117 +126 +90 -124)
(+1 +2 +3 +4 +5 +6 +7 +8 +9 +10 +11 +12 +13 +14 +15 +16 +17 +18 +19 +20 +21 +22 +23 +24 +25 +26 +27 +28 +29 +30 +31 +32 +33 +34 +35 +36 +37 +38 +39 +40 +41 +42 +43 +44 +45 +46 +47 +48 +49 +50 +51 +52 +53 -125 +105 -91 +72 -60 -97 -71 -85 -82 +61 +81 +112 -65 -114 -70 +88 +102 +62 -76 -111 -108 +123 -64 +58 -63 +56 -104 -98 -120 +100 -118 -128 -107 -83 +129 +77 -66 -109 +103 -93 -78 -73 -79 -86 -55 -57 +59 +84 +94 +80 +89 +96 -130 +67 -121 +127 -106 -92 -119 -110 -54 -87 -68 +116 -69 +115 +99 +122 -101 +95 -75 -113 +74 +117 +126 +90 -124)
(+1 +2 +3 +4 +5 +6 +7 +8 +9 +10 +11 +12 +13 +14 +15 +16 +17 +18 +19 +20 +21 +22 +23 +24 +25 +26 +27 +28 +29 +30 +31 +32 +33 +34 +35 +36 +37 +38 +39 +40 +41 +42 +43 +44 +45 +46 +47 +48 +49 +50 +51 +52 +53 +54 +110 +119 +92 +106 -127 +121 -67 +130 -96 -89 -80 -94 -84 -59 +57 +55 +86 +79 +73 +78 +93 -103 +109 +66 -77 -129 +83 +107 +128 +118 -100 +120 +98 +104 -56 +63 -58 +64 -123 +108 +111 +76 -62 -102 -88 +70 +114 +65 -112 -81 -61 +82 +85 +71 +97 +60 -72 +91 -105 +125 -87 -68 +116 -69 +115 +99 +122 -101 +95 -75 -113 +74 +117 +126 +90 -124)
(+1 +2 +3 +4 +5 +6 +7 +8 +9 +10 +11 +12 +13 +14 +15 +16 +17 +18 +19 +20 +21 +22 +23 +24 +25 +26 +27 +28 +29 +30 +31 +32 +33 +34 +35 +36 +37 +38 +39 +40 +41 +42 +43 +44 +45 +46 +47 +48 +49 +50 +51 +52 +53 +54 -55 -57 +59 +84 +94 +80 +89 +96 -130 +67 -121 +127 -106 -92 -119 -110 +86 +79 +73 +78 +93 -103 +109 +66 -77 -129 +83 +107 +128 +118 -100 +120 +98 +104 -56 +63 -58 +64 -123 +108 +111 +76 -62 -102 -88 +70 +114 +65 -112 -81 -61 +82 +85 +71 +97 +60 -72 +91 -105 +125 -87 -68 +116 -69 +115 +99 +122 -101 +95 -75 -113 +74 +117 +126 +90 -124)
(+1 +2 +3 +4 +5 +6 +7 +8 +9 +10 +11 +12 +13 +14 +15 +16 +17 +18 +19 +20 +21 +22 +23 +24 +25 +26 +27 +28 +29 +30 +31 +32 +33 +34 +35 +36 +37 +38 +39 +40 +41 +42 +43 +44 +45 +46 +47 +48 +49 +50 +51 +52 +53 +54 +55 -57 +59 +84 +94 +80 +89 +96 -130 +67 -121 +127 -106 -92 -119 -110 +86 +79 +73 +78 +93 -103 +109 +66 -77 -129 +83 +107 +128 +118 -100 +120 +98 +104 -56 +63 -58 +64 -123 +108 +111 +76 -62 -102 -88 +70 +114 +65 -112 -81 -61 +82 +85 +71 +97 +60 -72 +91 -105 +125 -87 -68 +116 -69 +115 +99 +122 -101 +95 -75 -113 +74 +117 +126 +90 -124)
(+1 +2 +3 +4 +5 +6 +7 +8 +9 +10 +11 +12 +13 +14 +15 +16 +17 +18 +19 +20 +21 +22 +23 +24 +25 +26 +27 +28 +29 +30 +31 +32 +33 +34 +35 +36 +37 +38 +39 +40 +41 +42 +43 +44 +45 +46 +47 +48 +49 +50 +51 +52 +53 +54 +55 +56 -104 -98 -120 +100 -118 -128 -107 -83 +129 +77 -66 -109 +103 -93 -78 -73 -79 -86 +110 +119 +92 +106 -127 +121 -67 +130 -96 -89 -80 -94 -84 -59 +57 +63 -58 +64 -123 +108 +111 +76 -62 -102 -88 +70 +114 +65 -112 -81 -61 +82 +85 +71 +97 +60 -72 +91 -105 +125 -87 -68 +116 -69 +115 +99 +122 -101 +95 -75 -113 +74 +117 +126 +90 -124)
(+1 +2 +3 +4 +5 +6 +7 +8 +9 +10 +11 +12 +13 +14 +15 +16 +17 +18 +19 +20 +21 +22 +23 +24 +25 +26 +27 +28 +29 +30 +31 +32 +33 +34 +35 +36 +37 +38 +39 +40 +41 +42 +43 +44 +45 +46 +47 +48 +49 +50 +51 +52 +53 +54 +55 +56 -57 +59 +84 +94 +80 +89 +96 -130 +67 -121 +127 -106 -92 -119 -110 +86 +79 +73 +78 +93 -103 +109 +66 -77 -129 +83 +107 +128 +118 -100 +120 +98 +104 +63 -58 +64 -123 +108 +111 +76 -62 -102 -88 +70 +114 +65 -112 -81 -61 +82 +85 +71 +97 +60 -72 +91 -105 +125 -87 -68 +116 -69 +115 +99 +122 -101 +95 -75 -113 +74 +117 +126 +90 -124)
(+1 +2 +3 +4 +5 +6 +7 +8 +9 +10 +11 +12 +13 +14 +15 +16 +17 +18 +19 +20 +21 +22 +23 +24 +25 +26 +27 +28 +29 +30 +31 +32 +33 +34 +35 +36 +37 +38 +39 +40 +41 +42 +43 +44 +45 +46 +47 +48 +49 +50 +51 +52 +53 +54 +55 +56 +57 +59 +84 +94 +80 +89 +96 -130 +67 -121 +127 -106 -92 -119 -110 +86 +79 +73 +78 +93 -103 +109 +66 -77 -129 +83 +107 +128 +118 -100 +120 +98 +104 +63 -58 +64 -123 +108 +111 +76 -62 -102 -88 +70 +114 +65 -112 -81 -61 +82 +85 +71 +97 +60 -72 +91 -105 +125 -87 -68 +116 -69 +115 +99 +122 -101 +95 -75 -113 +74 +117 +126 +90 -124)
(+1 +2 +3 +4 +5 +6 +7 +8 +9 +10 +11 +12 +13 +14 +15 +16 +17 +18 +19 +20 +21 +22 +23 +24 +25 +26 +27 +28 +29 +30 +31 +32 +33 +34 +35 +36 +37 +38 +39 +40 +41 +42 +43 +44 +45 +46 +47 +48 +49 +50 +51 +52 +53 +54 +55 +56 +57 +58 -63 -104 -98 -120 +100 -118 -128 -107 -83 +129 +77 -66 -109 +103 -93 -78 -73 -79 -86 +110 +119 +92 +106 -127 +121 -67 +130 -96 -89 -80 -94 -84 -59 +64 -123 +108 +111 +76 -62 -102 -88 +70 +114 +65 -112 -81 -61 +82 +85 +71 +97 +60 -72 +91 -105 +125 -87 -68 +116 -69 +115 +99 +122 -101 +95 -75 -113 +74 +117 +126 +90 -124)
(+1 +2 +3 +4 +5 +6 +7 +8 +9 +10 +11 +12 +13 +14 +15 +16 +17 +18 +19 +20 +21 +22 +23 +24 +25 +26 +27 +28 +29 +30 +31 +32 +33 +34 +35 +36 +37 +38 +39 +40 +41 +42 +43 +44 +45 +46 +47 +48 +49 +50 +51 +52 +53 +54 +55 +56 +57 +58 +59 +84 +94 +80 +89 +96 -130 +67 -121 +127 -106 -92 -119 -110 +86 +79 +73 +78 +93 -103 +109 +66 -77 -129 +83 +107 +128 +118 -100 +120 +98 +104 +63 +64 -123 +108 +111 +76 -62 -102 -88 +70 +114 +65 -112 -81 -61 +82 +85 +71 +97 +60 -72 +91 -105 +125 -87 -68 +116 -69 +115 +99 +122 -101 +95 -75 -113 +74 +117 +126 +90 -124)
(+1 +2 +3 +4 +5 +6 +7 +8 +9 +10 +11 +12 +13 +14 +15 +16 +17 +18 +19 +20 +21 +22 +23 +24 +25 +26 +27 +28 +29 +30 +31 +32 +33 +34 +35 +36 +37 +38 +39 +40 +41 +42 +43 +44 +45 +46 +47 +48 +49 +50 +51 +52 +53 +54 +55 +56 +57 +58 +59 -60 -97 -71 -85 -82 +61 +81 +112 -65 -114 -70 +88 +102 +62 -76 -111 -108 +123 -64 -63 -104 -98 -120 +100 -118 -128 -107 -83 +129 +77 -66 -109 +103 -93 -78 -73 -79 -86 +110 +119 +92 +106 -127 +121 -67 +130 -96 -89 -80 -94 -84 -72 +91 -105 +125 -87 -68 +116 -69 +115 +99 +122 -101 +95 -75 -113 +74 +117 +126 +90 -124)
(+1 +2 +3 +4 +5 +6 +7 +8 +9 +10 +11 +12 +13 +14 +15 +16 +17 +18 +19 +20 +21 +22 +23 +24 +25 +26 +27 +28 +29 +30 +31 +32 +33 +34 +35 +36 +37 +38 +39 +40 +41 +42 +43 +44 +45 +46 +47 +48 +49 +50 +51 +52 +53 +54 +55 +56 +57 +58 +59 +60 -97 -71 -85 -82 +61 +81 +112 -65 -114 -70 +88 +102 +62 -76 -111 -108 +123 -64 -63 -104 -98 -120 +100 -118 -128 -107 -83 +129 +77 -66 -109 +103 -93 -78 -73 -79 -86 +110 +119 +92 +106 -127 +121 -67 +130 -96 -89 -80 -94 -84 -72 +91 -105 +125 -87 -68 +116 -69 +115 +99 +122 -101 +95 -75 -113 +74 +117 +126 +90 -124)
(+1 +2 +3 +4 +5 +6 +7 +8 +9 +10 +11 +12 +13 +14 +15 +16 +17 +18 +19 +20 +21 +22 +23 +24 +25 +26 +27 +28 +29 +30 +31 +32 +33 +34 +35 +36 +37 +38 +39 +40 +41 +42 +43 +44 +45 +46 +47 +48 +49 +50 +51 +52 +53 +54 +55 +56 +57 +58 +59 +60 -61 +82 +85 +71 +97 +81 +112 -65 -114 -70 +88 +102 +62 -76 -111 -108 +123 -64 -63 -104 -98 -120 +100 -118 -128 -107 -83 +129 +77 -66 -109 +103 -93 -78 -73 -79 -86 +110 +119 +92 +106 -127 +121 -67 +130 -96 -89 -80 -94 -84 -72 +91 -105 +125 -87 -68 +116 -69 +115 +99 +122 -101 +95 -75 -113 +74 +117 +126 +90 -124)
(+1 +2 +3 +4 +5 +6 +7 +8 +9 +10 +11 +12 +13 +14 +15 +16 +17 +18 +19 +20 +21 +22 +23 +24 +25 +26 +27 +28 +29 +30 +31 +32 +33 +34 +35 +36 +37 +38 +39 +40 +41 +42 +43 +44 +45 +46 +47 +48 +49 +50 +51 +52 +53 +54 +55 +56 +57 +58 +59 +60 +61 +82 +85 +71 +97 +81 +112 -65 -114 -70 +88 +102 +62 -76 -111 -108 +123 -64 -63 -104 -98 -120 +100 -118 -128 -107 -83 +129 +77 -66 -109 +103 -93 -78 -73 -79 -86 +110 +119 +92 +106 -127 +121 -67 +130 -96 -89 -80 -94 -84 -72 +91 -105 +125 -87 -68 +116 -69 +115 +99 +122 -101 +95 -75 -113 +74 +117 +126 +90 -124)
(+1 +2 +3 +4 +5 +6 +7 +8 +9 +10 +11 +12 +13 +14 +15 +16 +17 +18 +19 +20 +21 +22 +23 +24 +25 +26 +27 +28 +29 +30 +31 +32 +33 +34 +35 +36 +37 +38 +39 +40 +41 +42 +43 +44 +45 +46 +47 +48 +49 +50 +51 +52 +53 +54 +55 +56 +57 +58 +59 +60 +61 -62 -102 -88 +70 +114 +65 -112 -81 -97 -71 -85 -82 -76 -111 -108 +123 -64 -63 -104 -98 -120 +100 -118 -128 -107 -83 +129 +77 -66 -109 +103 -93 -78 -73 -79 -86 +110 +119 +92 +106 -127 +121 -67 +130 -96 -89 -80 -94 -84 -72 +91 -105 +125 -87 -68 +116 -69 +115 +99 +122 -101 +95 -75 -113 +74 +117 +126 +90 -124)
(+1 +2 +3 +4 +5 +6 +7 +8 +9 +10 +11 +12 +13 +14 +15 +16 +17 +18 +19 +20 +21 +22 +23 +24 +25 +26 +27 +28 +29 +30 +31 +32 +33 +34 +35 +36 +37 +38 +39 +40 +41 +42 +43 +44 +45 +46 +47 +48 +49 +50 +51 +52 +53 +54 +55 +56 +57 +58 +59 +60 +61 +62 -102 -88 +70 +114 +65 -112 -81 -97 -71 -85 -82 -76 -111 -108 +123 -64 -63 -104 -98 -120 +100 -118 -128 -107 -83 +129 +77 -66 -109 +103 -93 -78 -73 -79 -86 +110 +119 +92 +106 -127 +121 -67 +130 -96 -89 -80 -94 -84 -72 +91 -105 +125 -87 -68 +116 -69 +115 +99 +122 -101 +95 -75 -113 +74 +117 +126 +90 -124)
(+1 +2 +3 +4 +5 +6 +7 +8 +9 +10 +11 +12 +13 +14 +15 +16 +17 +18 +19 +20 +21 +22 +23 +24 +25 +26 +27 +28 +29 +30 +31 +32 +33 +34 +35 +36 +37 +38 +39 +40 +41 +42 +43 +44 +45 +46 +47 +48 +49 +50 +51 +52 +53 +54 +55 +56 +57 +58 +59 +60 +61 +62 +63 +64 -123 +108 +111 +76 +82 +85 +71 +97 +81 +112 -65 -114 -70 +88 +102 -104 -98 -120 +100 -118 -128 -107 -83 +129 +77 -66 -109 +103 -93 -78 -73 -79 -86 +110 +119 +92 +106 -127 +121 -67 +130 -96 -89 -80 -94 -84 -72 +91 -105 +125 -87 -68 +116 -69 +115 +99 +122 -101 +95 -75 -113 +74 +117 +126 +90 -124)
(+1 +2 +3 +4 +5 +6 +7 +8 +9 +10 +11 +12 +13 +14 +15 +16 +17 +18 +19 +20 +21 +22 +23 +24 +25 +26 +27 +28 +29 +30 +31 +32 +33 +34 +35 +36 +37 +38 +39 +40 +41 +42 +43 +44 +45 +46 +47 +48 +49 +50 +51 +52 +53 +54 +55 +56 +57 +58 +59 +60 +61 +62 +63 +64 +65 -112 -81 -97 -71 -85 -82 -76 -111 -108 +123 -114 -70 +88 +102 -104 -98 -120 +100 -118 -128 -107 -83 +129 +77 -66 -109 +103 -93 -78 -73 -79 -86 +110 +119 +92 +106 -127 +121 -67 +130 -96 -89 -80 -94 -84 -72 +91 -105 +125 -87 -68 +116 -69 +115 +99 +122 -101 +95 -75 -113 +74 +117 +126 +90 -124)
(+1 +2 +3 +4 +5 +6 +7 +8 +9 +10 +11 +12 +13 +14 +15 +16 +17 +18 +19 +20 +21 +22 +23 +24 +25 +26 +27 +28 +29 +30 +31 +32 +33 +34 +35 +36 +37 +38 +39 +40 +41 +42 +43 +44 +45 +46 +47 +48 +49 +50 +51 +52 +53 +54 +55 +56 +57 +58 +59 +60 +61 +62 +63 +64 +65 +66 -77 -129 +83 +107 +128 +118 -100 +120 +98 +104 -102 -88 +70 +114 -123 +108 +111 +76 +82 +85 +71 +97 +81 +112 -109 +103 -93 -78 -73 -79 -86 +110 +119 +92 +106 -127 +121 -67 +130 -96 -89 -80 -94 -84 -72 +91 -105 +125 -87 -68 +116 -69 +115 +99 +122 -101 +95 -75 -113 +74 +117 +126 +90 -124)
(+1 +2 +3 +4 +5 +6 +7 +8 +9 +10 +11 +12 +13 +14 +15 +16 +17 +18 +19 +20 +21 +22 +23 +24 +25 +26 +27 +28 +29 +30 +31 +32 +33 +34 +35 +36 +37 +38 +39 +40 +41 +42 +43 +44 +45 +46 +47 +48 +49 +50 +51 +52 +53 +54 +55 +56 +57 +58 +59 +60 +61 +62 +63 +64 +65 +66 +67 -121 +127 -106 -92 -119 -110 +86 +79 +73 +78 +93 -103 +109 -112 -81 -97 -71 -85 -82 -76 -111 -108 +123 -114 -70 +88 +102 -104 -98 -120 +100 -118 -128 -107 -83 +129 +77 +130 -96 -89 -80 -94 -84 -72 +91 -105 +125 -87 -68 +116 -69 +115 +99 +122 -101 +95 -75 -113 +74 +117 +126 +90 -124)
(+1 +2 +3 +4 +5 +6 +7 +8 +9 +10 +11 +12 +13 +14 +15 +16 +17 +18 +19 +20 +21 +22 +23 +24 +25 +26 +27 +28 +29 +30 +31 +32 +33 +34 +35 +36 +37 +38 +39 +40 +41 +42 +43 +44 +45 +46 +47 +48 +49 +50 +51 +52 +53 +54 +55 +56 +57 +58 +59 +60 +61 +62 +63 +64 +65 +66 +67 +68 +87 -125 +105 -91 +72 +84 +94 +80 +89 +96 -130 -77 -129 +83 +107 +128 +118 -100 +120 +98 +104 -102 -88 +70 +114 -123 +108 +111 +76 +82 +85 +71 +97 +81 +112 -109 +103 -93 -78 -73 -79 -86 +110 +119 +92 +106 -127 +121 +116 -69 +115 +99 +122 -101 +95 -75 -113 +74 +117 +126 +90 -124)
(+1 +2 +3 +4 +5 +6 +7 +8 +9 +10 +11 +12 +13 +14 +15 +16 +17 +18 +19 +20 +21 +22 +23 +24 +25 +26 +27 +28 +29 +30 +31 +32 +33 +34 +35 +36 +37 +38 +39 +40 +41 +42 +43 +44 +45 +46 +47 +48 +49 +50 +51 +52 +53 +54 +55 +56 +57 +58 +59 +60 +61 +62 +63 +64 +65 +66 +67 +68 +69 -116 -121 +127 -106 -92 -119 -110 +86 +79 +73 +78 +93 -103 +109 -112 -81 -97 -71 -85 -82 -76 -111 -108 +123 -114 -70 +88 +102 -104 -98 -120 +100 -118 -128 -107 -83 +129 +77 +130 -96 -89 -80 -94 -84 -72 +91 -105 +125 -87 +115 +99 +122 -101 +95 -75 -113 +74 +117 +126 +90 -124)
(+1 +2 +3 +4 +5 +6 +7 +8 +9 +10 +11 +12 +13 +14 +15 +16 +17 +18 +19 +20 +21 +22 +23 +24 +25 +26 +27 +28 +29 +30 +31 +32 +33 +34 +35 +36 +37 +38 +39 +40 +41 +42 +43 +44 +45 +46 +47 +48 +49 +50 +51 +52 +53 +54 +55 +56 +57 +58 +59 +60 +61 +62 +63 +64 +65 +66 +67 +68 +69 +70 +114 -123 +108 +111 +76 +82 +85 +71 +97 +81 +112 -109 +103 -93 -78 -73 -79 -86 +110 +119 +92 +106 -127 +121 +116 +88 +102 -104 -98 -120 +100 -118 -128 -107 -83 +129 +77 +130 -96 -89 -80 -94 -84 -72 +91 -105 +125 -87 +115 +99 +122 -101 +95 -75 -113 +74 +117 +126 +90 -124)
(+1 +2 +3 +4 +5 +6 +7 +8 +9 +10 +11 +12 +13 +14 +15 +16 +17 +18 +19 +20 +21 +22 +23 +24 +25 +26 +27 +28 +29 +30 +31 +32 +33 +34 +35 +36 +37 +38 +39 +40 +41 +42 +43 +44 +45 +46 +47 +48 +49 +50 +51 +52 +53 +54 +55 +56 +57 +58 +59 +60 +61 +62 +63 +64 +65 +66 +67 +68 +69 +70 -71 -85 -82 -76 -111 -108 +123 -114 +97 +81 +112 -109 +103 -93 -78 -73 -79 -86 +110 +119 +92 +106 -127 +121 +116 +88 +102 -104 -98 -120 +100 -118 -128 -107 -83 +129 +77 +130 -96 -89 -80 -94 -84 -72 +91 -105 +125 -87 +115 +99 +122 -101 +95 -75 -113 +74 +117 +126 +90 -124)
(+1 +2 +3 +4 +5 +6 +7 +8 +9 +10 +11 +12 +13 +14 +15 +16 +17 +18 +19 +20 +21 +22 +23 +24 +25 +26 +27 +28 +29 +30 +31 +32 +33 +34 +35 +36 +37 +38 +39 +40 +41 +42 +43 +44 +45 +46 +47 +48 +49 +50 +51 +52 +53 +54 +55 +56 +57 +58 +59 +60 +61 +62 +63 +64 +65 +66 +67 +68 +69 +70 +71 -85 -82 -76 -111 -108 +123 -114 +97 +81 +112 -109 +103 -93 -78 -73 -79 -86 +110 +119 +92 +106 -127 +121 +116 +88 +102 -104 -98 -120 +100 -118 -128 -107 -83 +129 +77 +130 -96 -89 -80 -94 -84 -72 +91 -105 +125 -87 +115 +99 +122 -101 +95 -75 -113 +74 +117 +126 +90 -124)
(+1 +2 +3 +4 +5 +6 +7 +8 +9 +10 +11 +12 +13 +14 +15 +16 +17 +18 +19 +20 +21 +22 +23 +24 +25 +26 +27 +28 +29 +30 +31 +32 +33 +34 +35 +36 +37 +38 +39 +40 +41 +42 +43 +44 +45 +46 +47 +48 +49 +50 +51 +52 +53 +54 +55 +56 +57 +58 +59 +60 +61 +62 +63 +64 +65 +66 +67 +68 +69 +70 +71 +72 +84 +94 +80 +89 +96 -130 -77 -129 +83 +107 +128 +118 -100 +120 +98 +104 -102 -88 -116 -121 +127 -106 -92 -119 -110 +86 +79 +73 +78 +93 -103 +109 -112 -81 -97 +114 -123 +108 +111 +76 +82 +85 +91 -105 +125 -87 +115 +99 +122 -101 +95 -75 -113 +74 +117 +126 +90 -124)
(+1 +2 +3 +4 +5 +6 +7 +8 +9 +10 +11 +12 +13 +14 +15 +16 +17 +18 +19 +20 +21 +22 +23 +24 +25 +26 +27 +28 +29 +30 +31 +32 +33 +34 +35 +36 +37 +38 +39 +40 +41 +42 +43 +44 +45 +46 +47 +48 +49 +50 +51 +52 +53 +54 +55 +56 +57 +58 +59 +60 +61 +62 +63 +64 +65 +66 +67 +68 +69 +70 +71 +72 -73 -79 -86 +110 +119 +92 +106 -127 +121 +116 +88 +102 -104 -98 -120 +100 -118 -128 -107 -83 +129 +77 +130 -96 -89 -80 -94 -84 +78 +93 -103 +109 -112 -81 -97 +114 -123 +108 +111 +76 +82 +85 +91 -105 +125 -87 +115 +99 +122 -101 +95 -75 -113 +74 +117 +126 +90 -124)
(+1 +2 +3 +4 +5 +6 +7 +8 +9 +10 +11 +12 +13 +14 +15 +16 +17 +18 +19 +20 +21 +22 +23 +24 +25 +26 +27 +28 +29 +30 +31 +32 +33 +34 +35 +36 +37 +38 +39 +40 +41 +42 +43 +44 +45 +46 +47 +48 +49 +50 +51 +52 +53 +54 +55 +56 +57 +58 +59 +60 +61 +62 +63 +64 +65 +66 +67 +68 +69 +70 +71 +72 +73 -79 -86 +110 +119 +92 +106 -127 +121 +116 +88 +102 -104 -98 -120 +100 -118 -128 -107 -83 +129 +77 +130 -96 -89 -80 -94 -84 +78 +93 -103 +109 -112 -81 -97 +114 -123 +108 +111 +76 +82 +85 +91 -105 +125 -87 +115 +99 +122 -101 +95 -75 -113 +74 +117 +126 +90 -124)
(+1 +2 +3 +4 +5 +6 +7 +8 +9 +10 +11 +12 +13 +14 +15 +16 +17 +18 +19 +20 +21 +22 +23 +24 +25 +26 +27 +28 +29 +30 +31 +32 +33 +34 +35 +36 +37 +38 +39 +40 +41 +42 +43 +44 +45 +46 +47 +48 +49 +50 +51 +52 +53 +54 +55 +56 +57 +58 +59 +60 +61 +62 +63 +64 +65 +66 +67 +68 +69 +70 +71 +72 +73 -74 +113 +75 -95 +101 -122 -99 -115 +87 -125 +105 -91 -85 -82 -76 -111 -108 +123 -114 +97 +81 +112 -109 +103 -93 -78 +84 +94 +80 +89 +96 -130 -77 -129 +83 +107 +128 +118 -100 +120 +98 +104 -102 -88 -116 -121 +127 -106 -92 -119 -110 +86 +79 +117 +126 +90 -124)
(+1 +2 +3 +4 +5 +6 +7 +8 +9 +10 +11 +12 +13 +14 +15 +16 +17 +18 +19 +20 +21 +22 +23 +24 +25 +26 +27 +28 +29 +30 +31 +32 +33 +34 +35 +36 +37 +38 +39 +40 +41 +42 +43 +44 +45 +46 +47 +48 +49 +50 +51 +52 +53 +54 +55 +56 +57 +58 +59 +60 +61 +62 +63 +64 +65 +66 +67 +68 +69 +70 +71 +72 +73 +74 +113 +75 -95 +101 -122 -99 -115 +87 -125 +105 -91 -85 -82 -76 -111 -108 +123 -114 +97 +81 +112 -109 +103 -93 -78 +84 +94 +80 +89 +96 -130 -77 -129 +83 +107 +128 +118 -100 +120 +98 +104 -102 -88 -116 -121 +127 -106 -92 -119 -110 +86 +79 +117 +126 +90 -124)
(+1 +2 +3 +4 +5 +6 +7 +8 +9 +10 +11 +12 +13 +14 +15 +16 +17 +18 +19 +20 +21 +22 +23 +24 +25 +26 +27 +28 +29 +30 +31 +32 +33 +34 +35 +36 +37 +38 +39 +40 +41 +42 +43 +44 +45 +46 +47 +48 +49 +50 +51 +52 +53 +54 +55 +56 +57 +58 +59 +60 +61 +62 +63 +64 +65 +66 +67 +68 +69 +70 +71 +72 +73 +74 -75 -113 -95 +101 -122 -99 -115 +87 -125 +105 -91 -85 -82 -76 -111 -108 +123 -114 +97 +81 +112 -109 +103 -93 -78 +84 +94 +80 +89 +96 -130 -77 -129 +83 +107 +128 +118 -100 +120 +98 +104 -102 -88 -116 -121 +127 -106 -92 -119 -110 +86 +79 +117 +126 +90 -124)
(+1 +2 +3 +4 +5 +6 +7 +8 +9 +10 +11 +12 +13 +14 +15 +16 +17 +18 +19 +20 +21 +22 +23 +24 +25 +26 +27 +28 +29 +30 +31 +32 +33 +34 +35 +36 +37 +38 +39 +40 +41 +42 +43 +44 +45 +46 +47 +48 +49 +50 +51 +52 +53 +54 +55 +56 +57 +58 +59 +60 +61 +62 +63 +64 +65 +66 +67 +68 +69 +70 +71 +72 +73 +74 +75 -113 -95 +101 -122 -99 -115 +87 -125 +105 -91 -85 -82 -76 -111 -108 +123 -114 +97 +81 +112 -109 +103 -93 -78 +84 +94 +80 +89 +96 -130 -77 -129 +83 +107 +128 +118 -100 +120 +98 +104 -102 -88 -116 -121 +127 -106 -92 -119 -110 +86 +79 +117 +126 +90 -124)
(+1 +2 +3 +4 +5 +6 +7 +8 +9 +10 +11 +12 +13 +14 +15 +16 +17 +18 +19 +20 +21 +22 +23 +24 +25 +26 +27 +28 +29 +30 +31 +32 +33 +34 +35 +36 +37 +38 +39 +40 +41 +42 +43 +44 +45 +46 +47 +48 +49 +50 +51 +52 +53 +54 +55 +56 +57 +58 +59 +60 +61 +62 +63 +64 +65 +66 +67 +68 +69 +70 +71 +72 +73 +74 +75 +76 +82 +85 +91 -105 +125 -87 +115 +99 +122 -101 +95 +113 -111 -108 +123 -114 +97 +81 +112 -109 +103 -93 -78 +84 +94 +80 +89 +96 -130 -77 -129 +83 +107 +128 +118 -100 +120 +98 +104 -102 -88 -116 -121 +127 -106 -92 -119 -110 +86 +79 +117 +126 +90 -124)
(+1 +2 +3 +4 +5 +6 +7 +8 +9 +10 +11 +12 +13 +14 +15 +16 +17 +18 +19 +20 +21 +22 +23 +24 +25 +26 +27 +28 +29 +30 +31 +32 +33 +34 +35 +36 +37 +38 +39 +40 +41 +42 +43 +44 +45 +46 +47 +48 +49 +50 +51 +52 +53 +54 +55 +56 +57 +58 +59 +60 +61 +62 +63 +64 +65 +66 +67 +68 +69 +70 +71 +72 +73 +74 +75 +76 +77 +130 -96 -89 -80 -94 -84 +78 +93 -103 +109 -112 -81 -97 +114 -123 +108 +111 -113 -95 +101 -122 -99 -115 +87 -125 +105 -91 -85 -82 -129 +83 +107 +128 +118 -100 +120 +98 +104 -102 -88 -116 -121 +127 -106 -92 -119 -110 +86 +79 +117 +126 +90 -124)
(+1 +2 +3 +4 +5 +6 +7 +8 +9 +10 +11 +12 +13 +14 +15 +16 +17 +18 +19 +20 +21 +22 +23 +24 +25 +26 +27 +28 +29 +30 +31 +32 +33 +34 +35 +36 +37 +38 +39 +40 +41 +42 +43 +44 +45 +46 +47 +48 +49 +50 +51 +52 +53 +54 +55 +56 +57 +58 +59 +60 +61 +62 +63 +64 +65 +66 +67 +68 +69 +70 +71 +72 +73 +74 +75 +76 +77 -78 +84 +94 +80 +89 +96 -130 +93 -103 +109 -112 -81 -97 +114 -123 +108 +111 -113 -95 +101 -122 -99 -115 +87 -125 +105 -91 -85 -82 -129 +83 +107 +128 +118 -100 +120 +98 +104 -102 -88 -116 -121 +127 -106 -92 -119 -110 +86 +79 +117 +126 +90 -124)
(+1 +2 +3 +4 +5 +6 +7 +8 +9 +10 +11 +12 +13 +14 +15 +16 +17 +18 +19 +20 +21 +22 +23 +24 +25 +26 +27 +28 +29 +30 +31 +32 +33 +34 +35 +36 +37 +38 +39 +40 +41 +42 +43 +44 +45 +46 +47 +48 +49 +50 +51 +52 +53 +54 +55 +56 +57 +58 +59 +60 +61 +62 +63 +64 +65 +66 +67 +68 +69 +70 +71 +72 +73 +74 +75 +76 +77 +78 +84 +94 +80 +89 +96 -130 +93 -103 +109 -112 -81 -97 +114 -123 +108 +111 -113 -95 +101 -122 -99 -115 +87 -125 +105 -91 -85 -82 -129 +83 +107 +128 +118 -100 +120 +98 +104 -102 -88 -116 -121 +127 -106 -92 -119 -110 +86 +79 +117 +126 +90 -124)
(+1 +2 +3 +4 +5 +6 +7 +8 +9 +10 +11 +12 +13 +14 +15 +16 +17 +18 +19 +20 +21 +22 +23 +24 +25 +26 +27 +28 +29 +30 +31 +32 +33 +34 +35 +36 +37 +38 +39 +40 +41 +42 +43 +44 +45 +46 +47 +48 +49 +50 +51 +52 +53 +54 +55 +56 +57 +58 +59 +60 +61 +62 +63 +64 +65 +66 +67 +68 +69 +70 +71 +72 +73 +74 +75 +76 +77 +78 -79 -86 +110 +119 +92 +106 -127 +121 +116 +88 +102 -104 -98 -120 +100 -118 -128 -107 -83 +129 +82 +85 +91 -105 +125 -87 +115 +99 +122 -101 +95 +113 -111 -108 +123 -114 +97 +81 +112 -109 +103 -93 +130 -96 -89 -80 -94 -84 +117 +126 +90 -124)
(+1 +2 +3 +4 +5 +6 +7 +8 +9 +10 +11 +12 +13 +14 +15 +16 +17 +18 +19 +20 +21 +22 +23 +24 +25 +26 +27 +28 +29 +30 +31 +32 +33 +34 +35 +36 +37 +38 +39 +40 +41 +42 +43 +44 +45 +46 +47 +48 +49 +50 +51 +52 +53 +54 +55 +56 +57 +58 +59 +60 +61 +62 +63 +64 +65 +66 +67 +68 +69 +70 +71 +72 +73 +74 +75 +76 +77 +78 +79 -86 +110 +119 +92 +106 -127 +121 +116 +88 +102 -104 -98 -120 +100 -118 -128 -107 -83 +129 +82 +85 +91 -105 +125 -87 +115 +99 +122 -101 +95 +113 -111 -108 +123 -114 +97 +81 +112 -109 +103 -93 +130 -96 -89 -80 -94 -84 +117 +126 +90 -124)
(+1 +2 +3 +4 +5 +6 +7 +8 +9 +10 +11 +12 +13 +14 +15 +16 +17 +18 +19 +20 +21 +22 +23 +24 +25 +26 +27 +28 +29 +30 +31 +32 +33 +34 +35 +36 +37 +38 +39 +40 +41 +42 +43 +44 +45 +46 +47 +48 +49 +50 +51 +52 +53 +54 +55 +56 +57 +58 +59 +60 +61 +62 +63 +64 +65 +66 +67 +68 +69 +70 +71 +72 +73 +74 +75 +76 +77 +78 +79 +80 +89 +96 -130 +93 -103 +109 -112 -81 -97 +114 -123 +108 +111 -113 -95 +101 -122 -99 -115 +87 -125 +105 -91 -85 -82 -129 +83 +107 +128 +118 -100 +120 +98 +104 -102 -88 -116 -121 +127 -106 -92 -119 -110 +86 -94 -84 +117 +126 +90 -124)
(+1 +2 +3 +4 +5 +6 +7 +8 +9 +10 +11 +12 +13 +14 +15 +16 +17 +18 +19 +20 +21 +22 +23 +24 +25 +26 +27 +28 +29 +30 +31 +32 +33 +34 +35 +36 +37 +38 +39 +40 +41 +42 +43 +44 +45 +46 +47 +48 +49 +50 +51 +52 +53 +54 +55 +56 +57 +58 +59 +60 +61 +62 +63 +64 +65 +66 +67 +68 +69 +70 +71 +72 +73 +74 +75 +76 +77 +78 +79 +80 +81 +112 -109 +103 -93 +130 -96 -89 -97 +114 -123 +108 +111 -113 -95 +101 -122 -99 -115 +87 -125 +105 -91 -85 -82 -129 +83 +107 +128 +118 -100 +120 +98 +104 -102 -88 -116 -121 +127 -106 -92 -119 -110 +86 -94 -84 +117 +126 +90 -124)
(+1 +2 +3 +4 +5 +6 +7 +8 +9 +10 +11 +12 +13 +14 +15 +16 +17 +18 +19 +20 +21 +22 +23 +24 +25 +26 +27 +28 +29 +30 +31 +32 +33 +34 +35 +36 +37 +38 +39 +40 +41 +42 +43 +44 +45 +46 +47 +48 +49 +50 +51 +52 +53 +54 +55 +56 +57 +58 +59 +60 +61 +62 +63 +64 +65 +66 +67 +68 +69 +70 +71 +72 +73 +74 +75 +76 +77 +78 +79 +80 +81 +82 +85 +91 -105 +125 -87 +115 +99 +122 -101 +95 +113 -111 -108 +123 -114 +97 +89 +96 -130 +93 -103 +109 -112 -129 +83 +107 +128 +118 -100 +120 +98 +104 -102 -88 -116 -121 +127 -106 -92 -119 -110 +86 -94 -84 +117 +126 +90 -124)
(+1 +2 +3 +4 +5 +6 +7 +8 +9 +10 +11 +12 +13 +14 +15 +16 +17 +18 +19 +20 +21 +22 +23 +24 +25 +26 +27 +28 +29 +30 +31 +32 +33 +34 +35 +36 +37 +38 +39 +40 +41 +42 +43 +44 +45 +46 +47 +48 +49 +50 +51 +52 +53 +54 +55 +56 +57 +58 +59 +60 +61 +62 +63 +64 +65 +66 +67 +68 +69 +70 +71 +72 +73 +74 +75 +76 +77 +78 +79 +80 +81 +82 -83 +129 +112 -109 +103 -93 +130 -96 -89 -97 +114 -123 +108 +111 -113 -95 +101 -122 -99 -115 +87 -125 +105 -91 -85 +107 +128 +118 -100 +120 +98 +104 -102 -88 -116 -121 +127 -106 -92 -119 -110 +86 -94 -84 +117 +126 +90 -124)
(+1 +2 +3 +4 +5 +6 +7 +8 +9 +10 +11 +12 +13 +14 +15 +16 +17 +18 +19 +20 +21 +22 +23 +24 +25 +26 +27 +28 +29 +30 +31 +32 +33 +34 +35 +36 +37 +38 +39 +40 +41 +42 +43 +44 +45 +46 +47 +48 +49 +50 +51 +52 +53 +54 +55 +56 +57 +58 +59 +60 +61 +62 +63 +64 +65 +66 +67 +68 +69 +70 +71 +72 +73 +74 +75 +76 +77 +78 +79 +80 +81 +82 +83 +129 +112 -109 +103 -93 +130 -96 -89 -97 +114 -123 +108 +111 -113 -95 +101 -122 -99 -115 +87 -125 +105 -91 -85 +107 +128 +118 -100 +120 +98 +104 -102 -88 -116 -121 +127 -106 -92 -119 -110 +86 -94 -84 +117 +126 +90 -124)
(+1 +2 +3 +4 +5 +6 +7 +8 +9 +10 +11 +12 +13 +14 +15 +16 +17 +18 +19 +20 +21 +22 +23 +24 +25 +26 +27 +28 +29 +30 +31 +32 +33 +34 +35 +36 +37 +38 +39 +40 +41 +42 +43 +44 +45 +46 +47 +48 +49 +50 +51 +52 +53 +54 +55 +56 +57 +58 +59 +60 +61 +62 +63 +64 +65 +66 +67 +68 +69 +70 +71 +72 +73 +74 +75 +76 +77 +78 +79 +80 +81 +82 +83 +84 +94 -86 +110 +119 +92 +106 -127 +121 +116 +88 +102 -104 -98 -120 +100 -118 -128 -107 +85 +91 -105 +125 -87 +115 +99 +122 -101 +95 +113 -111 -108 +123 -114 +97 +89 +96 -130 +93 -103 +109 -112 -129 +117 +126 +90 -124)
(+1 +2 +3 +4 +5 +6 +7 +8 +9 +10 +11 +12 +13 +14 +15 +16 +17 +18 +19 +20 +21 +22 +23 +24 +25 +26 +27 +28 +29 +30 +31 +32 +33 +34 +35 +36 +37 +38 +39 +40 +41 +42 +43 +44 +45 +46 +47 +48 +49 +50 +51 +52 +53 +54 +55 +56 +57 +58 +59 +60 +61 +62 +63 +64 +65 +66 +67 +68 +69 +70 +71 +72 +73 +74 +75 +76 +77 +78 +79 +80 +81 +82 +83 +84 -85 +107 +128 +118 -100 +120 +98 +104 -102 -88 -116 -121 +127 -106 -92 -119 -110 +86 -94 +91 -105 +125 -87 +115 +99 +122 -101 +95 +113 -111 -108 +123 -114 +97 +89 +96 -130 +93 -103 +109 -112 -129 +117 +126 +90 -124)
(+1 +2 +3 +4 +5 +6 +7 +8 +9 +10 +11 +12 +13 +14 +15 +16 +17 +18 +19 +20 +21 +22 +23 +24 +25 +26 +27 +28 +29 +30 +31 +32 +33 +34 +35 +36 +37 +38 +39 +40 +41 +42 +43 +44 +45 +46 +47 +48 +49 +50 +51 +52 +53 +54 +55 +56 +57 +58 +59 +60 +61 +62 +63 +64 +65 +66 +67 +68 +69 +70 +71 +72 +73 +74 +75 +76 +77 +78 +79 +80 +81 +82 +83 +84 +85 +107 +128 +118 -100 +120 +98 +104 -102 -88 -116 -121 +127 -106 -92 -119 -110 +86 -94 +91 -105 +125 -87 +115 +99 +122 -101 +95 +113 -111 -108 +123 -114 +97 +89 +96 -130 +93 -103 +109 -112 -129 +117 +126 +90 -124)
(+1 +2 +3 +4 +5 +6 +7 +8 +9 +10 +11 +12 +13 +14 +15 +16 +17 +18 +19 +20 +21 +22 +23 +24 +25 +26 +27 +28 +29 +30 +31 +32 +33 +34 +35 +36 +37 +38 +39 +40 +41 +42 +43 +44 +45 +46 +47 +48 +49 +50 +51 +52 +53 +54 +55 +56 +57 +58 +59 +60 +61 +62 +63 +64 +65 +66 +67 +68 +69 +70 +71 +72 +73 +74 +75 +76 +77 +78 +79 +80 +81 +82 +83 +84 +85 -86 +110 +119 +92 +106 -127 +121 +116 +88 +102 -104 -98 -120 +100 -118 -128 -107 -94 +91 -105 +125 -87 +115 +99 +122 -101 +95 +113 -111 -108 +123 -114 +97 +89 +96 -130 +93 -103 +109 -112 -129 +117 +126 +90 -124)
(+1 +2 +3 +4 +5 +6 +7 +8 +9 +10 +11 +12 +13 +14 +15 +16 +17 +18 +19 +20 +21 +22 +23 +24 +25 +26 +27 +28 +29 +30 +31 +32 +33 +34 +35 +36 +37 +38 +39 +40 +41 +42 +43 +44 +45 +46 +47 +48 +49 +50 +51 +52 +53 +54 +55 +56 +57 +58 +59 +60 +61 +62 +63 +64 +65 +66 +67 +68 +69 +70 +71 +72 +73 +74 +75 +76 +77 +78 +79 +80 +81 +82 +83 +84 +85 +86 +110 +119 +92 +106 -127 +121 +116 +88 +102 -104 -98 -120 +100 -118 -128 -107 -94 +91 -105 +125 -87 +115 +99 +122 -101 +95 +113 -111 -108 +123 -114 +97 +89 +96 -130 +93 -103 +109 -112 -129 +117 +126 +90 -124)
(+1 +2 +3 +4 +5 +6 +7 +8 +9 +10 +11 +12 +13 +14 +15 +16 +17 +18 +19 +20 +21 +22 +23 +24 +25 +26 +27 +28 +29 +30 +31 +32 +33 +34 +35 +36 +37 +38 +39 +40 +41 +42 +43 +44 +45 +46 +47 +48 +49 +50 +51 +52 +53 +54 +55 +56 +57 +58 +59 +60 +61 +62 +63 +64 +65 +66 +67 +68 +69 +70 +71 +72 +73 +74 +75 +76 +77 +78 +79 +80 +81 +82 +83 +84 +85 +86 +87 -125 +105 -91 +94 +107 +128 +118 -100 +120 +98 +104 -102 -88 -116 -121 +127 -106 -92 -119 -110 +115 +99 +122 -101 +95 +113 -111 -108 +123 -114 +97 +89 +96 -130 +93 -103 +109 -112 -129 +117 +126 +90 -124)
(+1 +2 +3 +4 +5 +6 +7 +8 +9 +10 +11 +12 +13 +14 +15 +16 +17 +18 +19 +20 +21 +22 +23 +24 +25 +26 +27 +28 +29 +30 +31 +32 +33 +34 +35 +36 +37 +38 +39 +40 +41 +42 +43 +44 +45 +46 +47 +48 +49 +50 +51 +52 +53 +54 +55 +56 +57 +58 +59 +60 +61 +62 +63 +64 +65 +66 +67 +68 +69 +70 +71 +72 +73 +74 +75 +76 +77 +78 +79 +80 +81 +82 +83 +84 +85 +86 +87 +88 +102 -104 -98 -120 +100 -118 -128 -107 -94 +91 -105 +125 -116 -121 +127 -106 -92 -119 -110 +115 +99 +122 -101 +95 +113 -111 -108 +123 -114 +97 +89 +96 -130 +93 -103 +109 -112 -129 +117 +126 +90 -124)
(+1 +2 +3 +4 +5 +6 +7 +8 +9 +10 +11 +12 +13 +14 +15 +16 +17 +18 +19 +20 +21 +22 +23 +24 +25 +26 +27 +28 +29 +30 +31 +32 +33 +34 +35 +36 +37 +38 +39 +40 +41 +42 +43 +44 +45 +46 +47 +48 +49 +50 +51 +52 +53 +54 +55 +56 +57 +58 +59 +60 +61 +62 +63 +64 +65 +66 +67 +68 +69 +70 +71 +72 +73 +74 +75 +76 +77 +78 +79 +80 +81 +82 +83 +84 +85 +86 +87 +88 -89 -97 +114 -123 +108 +111 -113 -95 +101 -122 -99 -115 +110 +119 +92 +106 -127 +121 +116 -125 +105 -91 +94 +107 +128 +118 -100 +120 +98 +104 -102 +96 -130 +93 -103 +109 -112 -129 +117 +126 +90 -124)
(+1 +2 +3 +4 +5 +6 +7 +8 +9 +10 +11 +12 +13 +14 +15 +16 +17 +18 +19 +20 +21 +22 +23 +24 +25 +26 +27 +28 +29 +30 +31 +32 +33 +34 +35 +36 +37 +38 +39 +40 +41 +42 +43 +44 +45 +46 +47 +48 +49 +50 +51 +52 +53 +54 +55 +56 +57 +58 +59 +60 +61 +62 +63 +64 +65 +66 +67 +68 +69 +70 +71 +72 +73 +74 +75 +76 +77 +78 +79 +80 +81 +82 +83 +84 +85 +86 +87 +88 +89 -97 +114 -123 +108 +111 -113 -95 +101 -122 -99 -115 +110 +119 +92 +106 -127 +121 +116 -125 +105 -91 +94 +107 +128 +118 -100 +120 +98 +104 -102 +96 -130 +93 -103 +109 -112 -129 +117 +126 +90 -124)
(+1 +2 +3 +4 +5 +6 +7 +8 +9 +10 +11 +12 +13 +14 +15 +16 +17 +18 +19 +20 +21 +22 +23 +24 +25 +26 +27 +28 +29 +30 +31 +32 +33 +34 +35 +36 +37 +38 +39 +40 +41 +42 +43 +44 +45 +46 +47 +48 +49 +50 +51 +52 +53 +54 +55 +56 +57 +58 +59 +60 +61 +62 +63 +64 +65 +66 +67 +68 +69 +70 +71 +72 +73 +74 +75 +76 +77 +78 +79 +80 +81 +82 +83 +84 +85 +86 +87 +88 +89 -90 -126 -117 +129 +112 -109 +103 -93 +130 -96 +102 -104 -98 -120 +100 -118 -128 -107 -94 +91 -105 +125 -116 -121 +127 -106 -92 -119 -110 +115 +99 +122 -101 +95 +113 -111 -108 +123 -114 +97 -124)
(+1 +2 +3 +4 +5 +6 +7 +8 +9 +10 +11 +12 +13 +14 +15 +16 +17 +18 +19 +20 +21 +22 +23 +24 +25 +26 +27 +28 +29 +30 +31 +32 +33 +34 +35 +36 +37 +38 +39 +40 +41 +42 +43 +44 +45 +46 +47 +48 +49 +50 +51 +52 +53 +54 +55 +56 +57 +58 +59 +60 +61 +62 +63 +64 +65 +66 +67 +68 +69 +70 +71 +72 +73 +74 +75 +76 +77 +78 +79 +80 +81 +82 +83 +84 +85 +86 +87 +88 +89 +90 -126 -117 +129 +112 -109 +103 -93 +130 -96 +102 -104 -98 -120 +100 -118 -128 -107 -94 +91 -105 +125 -116 -121 +127 -106 -92 -119 -110 +115 +99 +122 -101 +95 +113 -111 -108 +123 -114 +97 -124)
(+1 +2 +3 +4 +5 +6 +7 +8 +9 +10 +11 +12 +13 +14 +15 +16 +17 +18 +19 +20 +21 +22 +23 +24 +25 +26 +27 +28 +29 +30 +31 +32 +33 +34 +35 +36 +37 +38 +39 +40 +41 +42 +43 +44 +45 +46 +47 +48 +49 +50 +51 +52 +53 +54 +55 +56 +57 +58 +59 +60 +61 +62 +63 +64 +65 +66 +67 +68 +69 +70 +71 +72 +73 +74 +75 +76 +77 +78 +79 +80 +81 +82 +83 +84 +85 +86 +87 +88 +89 +90 -91 +94 +107 +128 +118 -100 +120 +98 +104 -102 +96 -130 +93 -103 +109 -112 -129 +117 +126 -105 +125 -116 -121 +127 -106 -92 -119 -110 +115 +99 +122 -101 +95 +113 -111 -108 +123 -114 +97 -124)
(+1 +2 +3 +4 +5 +6 +7 +8 +9 +10 +11 +12 +13 +14 +15 +16 +17 +18 +19 +20 +21 +22 +23 +24 +25 +26 +27 +28 +29 +30 +31 +32 +33 +34 +35 +36 +37 +38 +39 +40 +41 +42 +43 +44 +45 +46 +47 +48 +49 +50 +51 +52 +53 +54 +55 +56 +57 +58 +59 +60 +61 +62 +63 +64 +65 +66 +67 +68 +69 +70 +71 +72 +73 +74 +75 +76 +77 +78 +79 +80 +81 +82 +83 +84 +85 +86 +87 +88 +89 +90 +91 +94 +107 +128 +118 -100 +120 +98 +104 -102 +96 -130 +93 -103 +109 -112 -129 +117 +126 -105 +125 -116 -121 +127 -106 -92 -119 -110 +115 +99 +122 -101 +95 +113 -111 -108 +123 -114 +97 -124)
(+1 +2 +3 +4 +5 +6 +7 +8 +9 +10 +11 +12 +13 +14 +15 +16 +17 +18 +19 +20 +21 +22 +23 +24 +25 +26 +27 +28 +29 +30 +31 +32 +33 +34 +35 +36 +37 +38 +39 +40 +41 +42 +43 +44 +45 +46 +47 +48 +49 +50 +51 +52 +53 +54 +55 +56 +57 +58 +59 +60 +61 +62 +63 +64 +65 +66 +67 +68 +69 +70 +71 +72 +73 +74 +75 +76 +77 +78 +79 +80 +81 +82 +83 +84 +85 +86 +87 +88 +89 +90 +91 +92 +106 -127 +121 +116 -125 +105 -126 -117 +129 +112 -109 +103 -93 +130 -96 +102 -104 -98 -120 +100 -118 -128 -107 -94 -119 -110 +115 +99 +122 -101 +95 +113 -111 -108 +123 -114 +97 -124)
(+1 +2 +3 +4 +5 +6 +7 +8 +9 +10 +11 +12 +13 +14 +15 +16 +17 +18 +19 +20 +21 +22 +23 +24 +25 +26 +27 +28 +29 +30 +31 +32 +33 +34 +35 +36 +37 +38 +39 +40 +41 +42 +43 +44 +45 +46 +47 +48 +49 +50 +51 +52 +53 +54 +55 +56 +57 +58 +59 +60 +61 +62 +63 +64 +65 +66 +67 +68 +69 +70 +71 +72 +73 +74 +75 +76 +77 +78 +79 +80 +81 +82 +83 +84 +85 +86 +87 +88 +89 +90 +91 +92 +93 -103 +109 -112 -129 +117 +126 -105 +125 -116 -121 +127 -106 +130 -96 +102 -104 -98 -120 +100 -118 -128 -107 -94 -119 -110 +115 +99 +122 -101 +95 +113 -111 -108 +123 -114 +97 -124)
(+1 +2 +3 +4 +5 +6 +7 +8 +9 +10 +11 +12 +13 +14 +15 +16 +17 +18 +19 +20 +21 +22 +23 +24 +25 +26 +27 +28 +29 +30 +31 +32 +33 +34 +35 +36 +37 +38 +39 +40 +41 +42 +43 +44 +45 +46 +47 +48 +49 +50 +51 +52 +53 +54 +55 +56 +57 +58 +59 +60 +61 +62 +63 +64 +65 +66 +67 +68 +69 +70 +71 +72 +73 +74 +75 +76 +77 +78 +79 +80 +81 +82 +83 +84 +85 +86 +87 +88 +89 +90 +91 +92 +93 +94 +107 +128 +118 -100 +120 +98 +104 -102 +96 -130 +106 -127 +121 +116 -125 +105 -126 -117 +129 +112 -109 +103 -119 -110 +115 +99 +122 -101 +95 +113 -111 -108 +123 -114 +97 -124)
(+1 +2 +3 +4 +5 +6 +7 +8 +9 +10 +11 +12 +13 +14 +15 +16 +17 +18 +19 +20 +21 +22 +23 +24 +25 +26 +27 +28 +29 +30 +31 +32 +33 +34 +35 +36 +37 +38 +39 +40 +41 +42 +43 +44 +45 +46 +47 +48 +49 +50 +51 +52 +53 +54 +55 +56 +57 +58 +59 +60 +61 +62 +63 +64 +65 +66 +67 +68 +69 +70 +71 +72 +73 +74 +75 +76 +77 +78 +79 +80 +81 +82 +83 +84 +85 +86 +87 +88 +89 +90 +91 +92 +93 +94 -95 +101 -122 -99 -115 +110 +119 -103 +109 -112 -129 +117 +126 -105 +125 -116 -121 +127 -106 +130 -96 +102 -104 -98 -120 +100 -118 -128 -107 +113 -111 -108 +123 -114 +97 -124)
(+1 +2 +3 +4 +5 +6 +7 +8 +9 +10 +11 +12 +13 +14 +15 +16 +17 +18 +19 +20 +21 +22 +23 +24 +25 +26 +27 +28 +29 +30 +31 +32 +33 +34 +35 +36 +37 +38 +39 +40 +41 +42 +43 +44 +45 +46 +47 +48 +49 +50 +51 +52 +53 +54 +55 +56 +57 +58 +59 +60 +61 +62 +63 +64 +65 +66 +67 +68 +69 +70 +71 +72 +73 +74 +75 +76 +77 +78 +79 +80 +81 +82 +83 +84 +85 +86 +87 +88 +89 +90 +91 +92 +93 +94 +95 +101 -122 -99 -115 +110 +119 -103 +109 -112 -129 +117 +126 -105 +125 -116 -121 +127 -106 +130 -96 +102 -104 -98 -120 +100 -118 -128 -107 +113 -111 -108 +123 -114 +97 -124)
(+1 +2 +3 +4 +5 +6 +7 +8 +9 +10 +11 +12 +13 +14 +15 +16 +17 +18 +19 +20 +21 +22 +23 +24 +25 +26 +27 +28 +29 +30 +31 +32 +33 +34 +35 +36 +37 +38 +39 +40 +41 +42 +43 +44 +45 +46 +47 +48 +49 +50 +51 +52 +53 +54 +55 +56 +57 +58 +59 +60 +61 +62 +63 +64 +65 +66 +67 +68 +69 +70 +71 +72 +73 +74 +75 +76 +77 +78 +79 +80 +81 +82 +83 +84 +85 +86 +87 +88 +89 +90 +91 +92 +93 +94 +95 +96 -130 +106 -127 +121 +116 -125 +105 -126 -117 +129 +112 -109 +103 -119 -110 +115 +99 +122 -101 +102 -104 -98 -120 +100 -118 -128 -107 +113 -111 -108 +123 -114 +97 -124)
(+1 +2 +3 +4 +5 +6 +7 +8 +9 +10 +11 +12 +13 +14 +15 +16 +17 +18 +19 +20 +21 +22 +23 +24 +25 +26 +27 +28 +29 +30 +31 +32 +33 +34 +35 +36 +37 +38 +39 +40 +41 +42 +43 +44 +45 +46 +47 +48 +49 +50 +51 +52 +53 +54 +55 +56 +57 +58 +59 +60 +61 +62 +63 +64 +65 +66 +67 +68 +69 +70 +71 +72 +73 +74 +75 +76 +77 +78 +79 +80 +81 +82 +83 +84 +85 +86 +87 +88 +89 +90 +91 +92 +93 +94 +95 +96 -97 +114 -123 +108 +111 -113 +107 +128 +118 -100 +120 +98 +104 -102 +101 -122 -99 -115 +110 +119 -103 +109 -112 -129 +117 +126 -105 +125 -116 -121 +127 -106 +130 -124)
(+1 +2 +3 +4 +5 +6 +7 +8 +9 +10 +11 +12 +13 +14 +15 +16 +17 +18 +19 +20 +21 +22 +23 +24 +25 +26 +27 +28 +29 +30 +31 +32 +33 +34 +35 +36 +37 +38 +39 +40 +41 +42 +43 +44 +45 +46 +47 +48 +49 +50 +51 +52 +53 +54 +55 +56 +57 +58 +59 +60 +61 +62 +63 +64 +65 +66 +67 +68 +69 +70 +71 +72 +73 +74 +75 +76 +77 +78 +79 +80 +81 +82 +83 +84 +85 +86 +87 +88 +89 +90 +91 +92 +93 +94 +95 +96 +97 +114 -123 +108 +111 -113 +107 +128 +118 -100 +120 +98 +104 -102 +101 -122 -99 -115 +110 +119 -103 +109 -112 -129 +117 +126 -105 +125 -116 -121 +127 -106 +130 -124)
(+1 +2 +3 +4 +5 +6 +7 +8 +9 +10 +11 +12 +13 +14 +15 +16 +17 +18 +19 +20 +21 +22 +23 +24 +25 +26 +27 +28 +29 +30 +31 +32 +33 +34 +35 +36 +37 +38 +39 +40 +41 +42 +43 +44 +45 +46 +47 +48 +49 +50 +51 +52 +53 +54 +55 +56 +57 +58 +59 +60 +61 +62 +63 +64 +65 +66 +67 +68 +69 +70 +71 +72 +73 +74 +75 +76 +77 +78 +79 +80 +81 +82 +83 +84 +85 +86 +87 +88 +89 +90 +91 +92 +93 +94 +95 +96 +97 -98 -120 +100 -118 -128 -107 +113 -111 -108 +123 -114 +104 -102 +101 -122 -99 -115 +110 +119 -103 +109 -112 -129 +117 +126 -105 +125 -116 -121 +127 -106 +130 -124)
(+1 +2 +3 +4 +5 +6 +7 +8 +9 +10 +11 +12 +13 +14 +15 +16 +17 +18 +19 +20 +21 +22 +23 +24 +25 +26 +27 +28 +29 +30 +31 +32 +33 +34 +35 +36 +37 +38 +39 +40 +41 +42 +43 +44 +45 +46 +47 +48 +49 +50 +51 +52 +53 +54 +55 +56 +57 +58 +59 +60 +61 +62 +63 +64 +65 +66 +67 +68 +69 +70 +71 +72 +73 +74 +75 +76 +77 +78 +79 +80 +81 +82 +83 +84 +85 +86 +87 +88 +89 +90 +91 +92 +93 +94 +95 +96 +97 +98 -120 +100 -118 -128 -107 +113 -111 -108 +123 -114 +104 -102 +101 -122 -99 -115 +110 +119 -103 +109 -112 -129 +117 +126 -105 +125 -116 -121 +127 -106 +130 -124)
(+1 +2 +3 +4 +5 +6 +7 +8 +9 +10 +11 +12 +13 +14 +15 +16 +17 +18 +19 +20 +21 +22 +23 +24 +25 +26 +27 +28 +29 +30 +31 +32 +33 +34 +35 +36 +37 +38 +39 +40 +41 +42 +43 +44 +45 +46 +47 +48 +49 +50 +51 +52 +53 +54 +55 +56 +57 +58 +59 +60 +61 +62 +63 +64 +65 +66 +67 +68 +69 +70 +71 +72 +73 +74 +75 +76 +77 +78 +79 +80 +81 +82 +83 +84 +85 +86 +87 +88 +89 +90 +91 +92 +93 +94 +95 +96 +97 +98 +99 +122 -101 +102 -104 +114 -123 +108 +111 -113 +107 +128 +118 -100 +120 -115 +110 +119 -103 +109 -112 -129 +117 +126 -105 +125 -116 -121 +127 -106 +130 -124)
(+1 +2 +3 +4 +5 +6 +7 +8 +9 +10 +11 +12 +13 +14 +15 +16 +17 +18 +19 +20 +21 +22 +23 +24 +25 +26 +27 +28 +29 +30 +31 +32 +33 +34 +35 +36 +37 +38 +39 +40 +41 +42 +43 +44 +45 +46 +47 +48 +49 +50 +51 +52 +53 +54 +55 +56 +57 +58 +59 +60 +61 +62 +63 +64 +65 +66 +67 +68 +69 +70 +71 +72 +73 +74 +75 +76 +77 +78 +79 +80 +81 +82 +83 +84 +85 +86 +87 +88 +89 +90 +91 +92 +93 +94 +95 +96 +97 +98 +99 +100 -118 -128 -107 +113 -111 -108 +123 -114 +104 -102 +101 -122 +120 -115 +110 +119 -103 +109 -112 -129 +117 +126 -105 +125 -116 -121 +127 -106 +130 -124)
(+1 +2 +3 +4 +5 +6 +7 +8 +9 +10 +11 +12 +13 +14 +15 +16 +17 +18 +19 +20 +21 +22 +23 +24 +25 +26 +27 +28 +29 +30 +31 +32 +33 +34 +35 +36 +37 +38 +39 +40 +41 +42 +43 +44 +45 +46 +47 +48 +49 +50 +51 +52 +53 +54 +55 +56 +57 +58 +59 +60 +61 +62 +63 +64 +65 +66 +67 +68 +69 +70 +71 +72 +73 +74 +75 +76 +77 +78 +79 +80 +81 +82 +83 +84 +85 +86 +87 +88 +89 +90 +91 +92 +93 +94 +95 +96 +97 +98 +99 +100 -101 +102 -104 +114 -123 +108 +111 -113 +107 +128 +118 -122 +120 -115 +110 +119 -103 +109 -112 -129 +117 +126 -105 +125 -116 -121 +127 -106 +130 -124)
(+1 +2 +3 +4 +5 +6 +7 +8 +9 +10 +11 +12 +13 +14 +15 +16 +17 +18 +19 +20 +21 +22 +23 +24 +25 +26 +27 +28 +29 +30 +31 +32 +33 +34 +35 +36 +37 +38 +39 +40 +41 +42 +43 +44 +45 +46 +47 +48 +49 +50 +51 +52 +53 +54 +55 +56 +57 +58 +59 +60 +61 +62 +63 +64 +65 +66 +67 +68 +69 +70 +71 +72 +73 +74 +75 +76 +77 +78 +79 +80 +81 +82 +83 +84 +85 +86 +87 +88 +89 +90 +91 +92 +93 +94 +95 +96 +97 +98 +99 +100 +101 +102 -104 +114 -123 +108 +111 -113 +107 +128 +118 -122 +120 -115 +110 +119 -103 +109 -112 -129 +117 +126 -105 +125 -116 -121 +127 -106 +130 -124)
(+1 +2 +3 +4 +5 +6 +7 +8 +9 +10 +11 +12 +13 +14 +15 +16 +17 +18 +19 +20 +21 +22 +23 +24 +25 +26 +27 +28 +29 +30 +31 +32 +33 +34 +35 +36 +37 +38 +39 +40 +41 +42 +43 +44 +45 +46 +47 +48 +49 +50 +51 +52 +53 +54 +55 +56 +57 +58 +59 +60 +61 +62 +63 +64 +65 +66 +67 +68 +69 +70 +71 +72 +73 +74 +75 +76 +77 +78 +79 +80 +81 +82 +83 +84 +85 +86 +87 +88 +89 +90 +91 +92 +93 +94 +95 +96 +97 +98 +99 +100 +101 +102 +103 -119 -110 +115 -120 +122 -118 -128 -107 +113 -111 -108 +123 -114 +104 +109 -112 -129 +117 +126 -105 +125 -116 -121 +127 -106 +130 -124)
(+1 +2 +3 +4 +5 +6 +7 +8 +9 +10 +11 +12 +13 +14 +15 +16 +17 +18 +19 +20 +21 +22 +23 +24 +25 +26 +27 +28 +29 +30 +31 +32 +33 +34 +35 +36 +37 +38 +39 +40 +41 +42 +43 +44 +45 +46 +47 +48 +49 +50 +51 +52 +53 +54 +55 +56 +57 +58 +59 +60 +61 +62 +63 +64 +65 +66 +67 +68 +69 +70 +71 +72 +73 +74 +75 +76 +77 +78 +79 +80 +81 +82 +83 +84 +85 +86 +87 +88 +89 +90 +91 +92 +93 +94 +95 +96 +97 +98 +99 +100 +101 +102 +103 -104 +114 -123 +108 +111 -113 +107 +128 +118 -122 +120 -115 +110 +119 +109 -112 -129 +117 +126 -105 +125 -116 -121 +127 -106 +130 -124)
(+1 +2 +3 +4 +5 +6 +7 +8 +9 +10 +11 +12 +13 +14 +15 +16 +17 +18 +19 +20 +21 +22 +23 +24 +25 +26 +27 +28 +29 +30 +31 +32 +33 +34 +35 +36 +37 +38 +39 +40 +41 +42 +43 +44 +45 +46 +47 +48 +49 +50 +51 +52 +53 +54 +55 +56 +57 +58 +59 +60 +61 +62 +63 +64 +65 +66 +67 +68 +69 +70 +71 +72 +73 +74 +75 +76 +77 +78 +79 +80 +81 +82 +83 +84 +85 +86 +87 +88 +89 +90 +91 +92 +93 +94 +95 +96 +97 +98 +99 +100 +101 +102 +103 +104 +114 -123 +108 +111 -113 +107 +128 +118 -122 +120 -115 +110 +119 +109 -112 -129 +117 +126 -105 +125 -116 -121 +127 -106 +130 -124)
(+1 +2 +3 +4 +5 +6 +7 +8 +9 +10 +11 +12 +13 +14 +15 +16 +17 +18 +19 +20 +21 +22 +23 +24 +25 +26 +27 +28 +29 +30 +31 +32 +33 +34 +35 +36 +37 +38 +39 +40 +41 +42 +43 +44 +45 +46 +47 +48 +49 +50 +51 +52 +53 +54 +55 +56 +57 +58 +59 +60 +61 +62 +63 +64 +65 +66 +67 +68 +69 +70 +71 +72 +73 +74 +75 +76 +77 +78 +79 +80 +81 +82 +83 +84 +85 +86 +87 +88 +89 +90 +91 +92 +93 +94 +95 +96 +97 +98 +99 +100 +101 +102 +103 +104 +105 -126 -117 +129 +112 -109 -119 -110 +115 -120 +122 -118 -128 -107 +113 -111 -108 +123 -114 +125 -116 -121 +127 -106 +130 -124)
(+1 +2 +3 +4 +5 +6 +7 +8 +9 +10 +11 +12 +13 +14 +15 +16 +17 +18 +19 +20 +21 +22 +23 +24 +25 +26 +27 +28 +29 +30 +31 +32 +33 +34 +35 +36 +37 +38 +39 +40 +41 +42 +43 +44 +45 +46 +47 +48 +49 +50 +51 +52 +53 +54 +55 +56 +57 +58 +59 +60 +61 +62 +63 +64 +65 +66 +67 +68 +69 +70 +71 +72 +73 +74 +75 +76 +77 +78 +79 +80 +81 +82 +83 +84 +85 +86 +87 +88 +89 +90 +91 +92 +93 +94 +95 +96 +97 +98 +99 +100 +101 +102 +103 +104 +105 +106 -127 +121 +116 -125 +114 -123 +108 +111 -113 +107 +128 +118 -122 +120 -115 +110 +119 +109 -112 -129 +117 +126 +130 -124)
(+1 +2 +3 +4 +5 +6 +7 +8 +9 +10 +11 +12 +13 +14 +15 +16 +17 +18 +19 +20 +21 +22 +23 +24 +25 +26 +27 +28 +29 +30 +31 +32 +33 +34 +35 +36 +37 +38 +39 +40 +41 +42 +43 +44 +45 +46 +47 +48 +49 +50 +51 +52 +53 +54 +55 +56 +57 +58 +59 +60 +61 +62 +63 +64 +65 +66 +67 +68 +69 +70 +71 +72 +73 +74 +75 +76 +77 +78 +79 +80 +81 +82 +83 +84 +85 +86 +87 +88 +89 +90 +91 +92 +93 +94 +95 +96 +97 +98 +99 +100 +101 +102 +103 +104 +105 +106 -107 +113 -111 -108 +123 -114 +125 -116 -121 +127 +128 +118 -122 +120 -115 +110 +119 +109 -112 -129 +117 +126 +130 -124)
(+1 +2 +3 +4 +5 +6 +7 +8 +9 +10 +11 +12 +13 +14 +15 +16 +17 +18 +19 +20 +21 +22 +23 +24 +25 +26 +27 +28 +29 +30 +31 +32 +33 +34 +35 +36 +37 +38 +39 +40 +41 +42 +43 +44 +45 +46 +47 +48 +49 +50 +51 +52 +53 +54 +55 +56 +57 +58 +59 +60 +61 +62 +63 +64 +65 +66 +67 +68 +69 +70 +71 +72 +73 +74 +75 +76 +77 +78 +79 +80 +81 +82 +83 +84 +85 +86 +87 +88 +89 +90 +91 +92 +93 +94 +95 +96 +97 +98 +99 +100 +101 +102 +103 +104 +105 +106 +107 +113 -111 -108 +123 -114 +125 -116 -121 +127 +128 +118 -122 +120 -115 +110 +119 +109 -112 -129 +117 +126 +130 -124)
(+1 +2 +3 +4 +5 +6 +7 +8 +9 +10 +11 +12 +13 +14 +15 +16 +17 +18 +19 +20 +21 +22 +23 +24 +25 +26 +27 +28 +29 +30 +31 +32 +33 +34 +35 +36 +37 +38 +39 +40 +41 +42 +43 +44 +45 +46 +47 +48 +49 +50 +51 +52 +53 +54 +55 +56 +57 +58 +59 +60 +61 +62 +63 +64 +65 +66 +67 +68 +69 +70 +71 +72 +73 +74 +75 +76 +77 +78 +79 +80 +81 +82 +83 +84 +85 +86 +87 +88 +89 +90 +91 +92 +93 +94 +95 +96 +97 +98 +99 +100 +101 +102 +103 +104 +105 +106 +107 +108 +111 -113 +123 -114 +125 -116 -121 +127 +128 +118 -122 +120 -115 +110 +119 +109 -112 -129 +117 +126 +130 -124)
(+1 +2 +3 +4 +5 +6 +7 +8 +9 +10 +11 +12 +13 +14 +15 +16 +17 +18 +19 +20 +21 +22 +23 +24 +25 +26 +27 +28 +29 +30 +31 +32 +33 +34 +35 +36 +37 +38 +39 +40 +41 +42 +43 +44 +45 +46 +47 +48 +49 +50 +51 +52 +53 +54 +55 +56 +57 +58 +59 +60 +61 +62 +63 +64 +65 +66 +67 +68 +69 +70 +71 +72 +73 +74 +75 +76 +77 +78 +79 +80 +81 +82 +83 +84 +85 +86 +87 +88 +89 +90 +91 +92 +93 +94 +95 +96 +97 +98 +99 +100 +101 +102 +103 +104 +105 +106 +107 +108 -109 -119 -110 +115 -120 +122 -118 -128 -127 +121 +116 -125 +114 -123 +113 -111 -112 -129 +117 +126 +130 -124)
(+1 +2 +3 +4 +5 +6 +7 +8 +9 +10 +11 +12 +13 +14 +15 +16 +17 +18 +19 +20 +21 +22 +23 +24 +25 +26 +27 +28 +29 +30 +31 +32 +33 +34 +35 +36 +37 +38 +39 +40 +41 +42 +43 +44 +45 +46 +47 +48 +49 +50 +51 +52 +53 +54 +55 +56 +57 +58 +59 +60 +61 +62 +63 +64 +65 +66 +67 +68 +69 +70 +71 +72 +73 +74 +75 +76 +77 +78 +79 +80 +81 +82 +83 +84 +85 +86 +87 +88 +89 +90 +91 +92 +93 +94 +95 +96 +97 +98 +99 +100 +101 +102 +103 +104 +105 +106 +107 +108 +109 -119 -110 +115 -120 +122 -118 -128 -127 +121 +116 -125 +114 -123 +113 -111 -112 -129 +117 +126 +130 -124)
(+1 +2 +3 +4 +5 +6 +7 +8 +9 +10 +11 +12 +13 +14 +15 +16 +17 +18 +19 +20 +21 +22 +23 +24 +25 +26 +27 +28 +29 +30 +31 +32 +33 +34 +35 +36 +37 +38 +39 +40 +41 +42 +43 +44 +45 +46 +47 +48 +49 +50 +51 +52 +53 +54 +55 +56 +57 +58 +59 +60 +61 +62 +63 +64 +65 +66 +67 +68 +69 +70 +71 +72 +73 +74 +75 +76 +77 +78 +79 +80 +81 +82 +83 +84 +85 +86 +87 +88 +89 +90 +91 +92 +93 +94 +95 +96 +97 +98 +99 +100 +101 +102 +103 +104 +105 +106 +107 +108 +109 +110 +119 +115 -120 +122 -118 -128 -127 +121 +116 -125 +114 -123 +113 -111 -112 -129 +117 +126 +130 -124)
(+1 +2 +3 +4 +5 +6 +7 +8 +9 +10 +11 +12 +13 +14 +15 +16 +17 +18 +19 +20 +21 +22 +23 +24 +25 +26 +27 +28 +29 +30 +31 +32 +33 +34 +35 +36 +37 +38 +39 +40 +41 +42 +43 +44 +45 +46 +47 +48 +49 +50 +51 +52 +53 +54 +55 +56 +57 +58 +59 +60 +61 +62 +63 +64 +65 +66 +67 +68 +69 +70 +71 +72 +73 +74 +75 +76 +77 +78 +79 +80 +81 +82 +83 +84 +85 +86 +87 +88 +89 +90 +91 +92 +93 +94 +95 +96 +97 +98 +99 +100 +101 +102 +103 +104 +105 +106 +107 +108 +109 +110 +111 -113 +123 -114 +125 -116 -121 +127 +128 +118 -122 +120 -115 -119 -112 -129 +117 +126 +130 -124)
(+1 +2 +3 +4 +5 +6 +7 +8 +9 +10 +11 +12 +13 +14 +15 +16 +17 +18 +19 +20 +21 +22 +23 +24 +25 +26 +27 +28 +29 +30 +31 +32 +33 +34 +35 +36 +37 +38 +39 +40 +41 +42 +43 +44 +45 +46 +47 +48 +49 +50 +51 +52 +53 +54 +55 +56 +57 +58 +59 +60 +61 +62 +63 +64 +65 +66 +67 +68 +69 +70 +71 +72 +73 +74 +75 +76 +77 +78 +79 +80 +81 +82 +83 +84 +85 +86 +87 +88 +89 +90 +91 +92 +93 +94 +95 +96 +97 +98 +99 +100 +101 +102 +103 +104 +105 +106 +107 +108 +109 +110 +111 +112 +119 +115 -120 +122 -118 -128 -127 +121 +116 -125 +114 -123 +113 -129 +117 +126 +130 -124)
(+1 +2 +3 +4 +5 +6 +7 +8 +9 +10 +11 +12 +13 +14 +15 +16 +17 +18 +19 +20 +21 +22 +23 +24 +25 +26 +27 +28 +29 +30 +31 +32 +33 +34 +35 +36 +37 +38 +39 +40 +41 +42 +43 +44 +45 +46 +47 +48 +49 +50 +51 +52 +53 +54 +55 +56 +57 +58 +59 +60 +61 +62 +63 +64 +65 +66 +67 +68 +69 +70 +71 +72 +73 +74 +75 +76 +77 +78 +79 +80 +81 +82 +83 +84 +85 +86 +87 +88 +89 +90 +91 +92 +93 +94 +95 +96 +97 +98 +99 +100 +101 +102 +103 +104 +105 +106 +107 +108 +109 +110 +111 +112 -113 +123 -114 +125 -116 -121 +127 +128 +118 -122 +120 -115 -119 -129 +117 +126 +130 -124)
(+1 +2 +3 +4 +5 +6 +7 +8 +9 +10 +11 +12 +13 +14 +15 +16 +17 +18 +19 +20 +21 +22 +23 +24 +25 +26 +27 +28 +29 +30 +31 +32 +33 +34 +35 +36 +37 +38 +39 +40 +41 +42 +43 +44 +45 +46 +47 +48 +49 +50 +51 +52 +53 +54 +55 +56 +57 +58 +59 +60 +61 +62 +63 +64 +65 +66 +67 +68 +69 +70 +71 +72 +73 +74 +75 +76 +77 +78 +79 +80 +81 +82 +83 +84 +85 +86 +87 +88 +89 +90 +91 +92 +93 +94 +95 +96 +97 +98 +99 +100 +101 +102 +103 +104 +105 +106 +107 +108 +109 +110 +111 +112 +113 +123 -114 +125 -116 -121 +127 +128 +118 -122 +120 -115 -119 -129 +117 +126 +130 -124)
(+1 +2 +3 +4 +5 +6 +7 +8 +9 +10 +11 +12 +13 +14 +15 +16 +17 +18 +19 +20 +21 +22 +23 +24 +25 +26 +27 +28 +29 +30 +31 +32 +33 +34 +35 +36 +37 +38 +39 +40 +41 +42 +43 +44 +45 +46 +47 +48 +49 +50 +51 +52 +53 +54 +55 +56 +57 +58 +59 +60 +61 +62 +63 +64 +65 +66 +67 +68 +69 +70 +71 +72 +73 +74 +75 +76 +77 +78 +79 +80 +81 +82 +83 +84 +85 +86 +87 +88 +89 +90 +91 +92 +93 +94 +95 +96 +97 +98 +99 +100 +101 +102 +103 +104 +105 +106 +107 +108 +109 +110 +111 +112 +113 +114 -123 +125 -116 -121 +127 +128 +118 -122 +120 -115 -119 -129 +117 +126 +130 -124)
(+1 +2 +3 +4 +5 +6 +7 +8 +9 +10 +11 +12 +13 +14 +15 +16 +17 +18 +19 +20 +21 +22 +23 +24 +25 +26 +27 +28 +29 +30 +31 +32 +33 +34 +35 +36 +37 +38 +39 +40 +41 +42 +43 +44 +45 +46 +47 +48 +49 +50 +51 +52 +53 +54 +55 +56 +57 +58 +59 +60 +61 +62 +63 +64 +65 +66 +67 +68 +69 +70 +71 +72 +73 +74 +75 +76 +77 +78 +79 +80 +81 +82 +83 +84 +85 +86 +87 +88 +89 +90 +91 +92 +93 +94 +95 +96 +97 +98 +99 +100 +101 +102 +103 +104 +105 +106 +107 +108 +109 +110 +111 +112 +113 +114 +115 -120 +122 -118 -128 -127 +121 +116 -125 +123 -119 -129 +117 +126 +130 -124)
(+1 +2 +3 +4 +5 +6 +7 +8 +9 +10 +11 +12 +13 +14 +15 +16 +17 +18 +19 +20 +21 +22 +23 +24 +25 +26 +27 +28 +29 +30 +31 +32 +33 +34 +35 +36 +37 +38 +39 +40 +41 +42 +43 +44 +45 +46 +47 +48 +49 +50 +51 +52 +53 +54 +55 +56 +57 +58 +59 +60 +61 +62 +63 +64 +65 +66 +67 +68 +69 +70 +71 +72 +73 +74 +75 +76 +77 +78 +79 +80 +81 +82 +83 +84 +85 +86 +87 +88 +89 +90 +91 +92 +93 +94 +95 +96 +97 +98 +99 +100 +101 +102 +103 +104 +105 +106 +107 +108 +109 +110 +111 +112 +113 +114 +115 -116 -121 +127 +128 +118 -122 +120 -125 +123 -119 -129 +117 +126 +130 -124)
(+1 +2 +3 +4 +5 +6 +7 +8 +9 +10 +11 +12 +13 +14 +15 +16 +17 +18 +19 +20 +21 +22 +23 +24 +25 +26 +27 +28 +29 +30 +31 +32 +33 +34 +35 +36 +37 +38 +39 +40 +41 +42 +43 +44 +45 +46 +47 +48 +49 +50 +51 +52 +53 +54 +55 +56 +57 +58 +59 +60 +61 +62 +63 +64 +65 +66 +67 +68 +69 +70 +71 +72 +73 +74 +75 +76 +77 +78 +79 +80 +81 +82 +83 +84 +85 +86 +87 +88 +89 +90 +91 +92 +93 +94 +95 +96 +97 +98 +99 +100 +101 +102 +103 +104 +105 +106 +107 +108 +109 +110 +111 +112 +113 +114 +115 +116 -121 +127 +128 +118 -122 +120 -125 +123 -119 -129 +117 +126 +130 -124)
(+1 +2 +3 +4 +5 +6 +7 +8 +9 +10 +11 +12 +13 +14 +15 +16 +17 +18 +19 +20 +21 +22 +23 +24 +25 +26 +27 +28 +29 +30 +31 +32 +33 +34 +35 +36 +37 +38 +39 +40 +41 +42 +43 +44 +45 +46 +47 +48 +49 +50 +51 +52 +53 +54 +55 +56 +57 +58 +59 +60 +61 +62 +63 +64 +65 +66 +67 +68 +69 +70 +71 +72 +73 +74 +75 +76 +77 +78 +79 +80 +81 +82 +83 +84 +85 +86 +87 +88 +89 +90 +91 +92 +93 +94 +95 +96 +97 +98 +99 +100 +101 +102 +103 +104 +105 +106 +107 +108 +109 +110 +111 +112 +113 +114 +115 +116 -117 +129 +119 -123 +125 -120 +122 -118 -128 -127 +121 +126 +130 -124)
(+1 +2 +3 +4 +5 +6 +7 +8 +9 +10 +11 +12 +13 +14 +15 +16 +17 +18 +19 +20 +21 +22 +23 +24 +25 +26 +27 +28 +29 +30 +31 +32 +33 +34 +35 +36 +37 +38 +39 +40 +41 +42 +43 +44 +45 +46 +47 +48 +49 +50 +51 +52 +53 +54 +55 +56 +57 +58 +59 +60 +61 +62 +63 +64 +65 +66 +67 +68 +69 +70 +71 +72 +73 +74 +75 +76 +77 +78 +79 +80 +81 +82 +83 +84 +85 +86 +87 +88 +89 +90 +91 +92 +93 +94 +95 +96 +97 +98 +99 +100 +101 +102 +103 +104 +105 +106 +107 +108 +109 +110 +111 +112 +113 +114 +115 +116 +117 +129 +119 -123 +125 -120 +122 -118 -128 -127 +121 +126 +130 -124)
(+1 +2 +3 +4 +5 +6 +7 +8 +9 +10 +11 +12 +13 +14 +15 +16 +17 +18 +19 +20 +21 +22 +23 +24 +25 +26 +27 +28 +29 +30 +31 +32 +33 +34 +35 +36 +37 +38 +39 +40 +41 +42 +43 +44 +45 +46 +47 +48 +49 +50 +51 +52 +53 +54 +55 +56 +57 +58 +59 +60 +61 +62 +63 +64 +65 +66 +67 +68 +69 +70 +71 +72 +73 +74 +75 +76 +77 +78 +79 +80 +81 +82 +83 +84 +85 +86 +87 +88 +89 +90 +91 +92 +93 +94 +95 +96 +97 +98 +99 +100 +101 +102 +103 +104 +105 +106 +107 +108 +109 +110 +111 +112 +113 +114 +115 +116 +117 +118 -122 +120 -125 +123 -119 -129 -128 -127 +121 +126 +130 -124)
(+1 +2 +3 +4 +5 +6 +7 +8 +9 +10 +11 +12 +13 +14 +15 +16 +17 +18 +19 +20 +21 +22 +23 +24 +25 +26 +27 +28 +29 +30 +31 +32 +33 +34 +35 +36 +37 +38 +39 +40 +41 +42 +43 +44 +45 +46 +47 +48 +49 +50 +51 +52 +53 +54 +55 +56 +57 +58 +59 +60 +61 +62 +63 +64 +65 +66 +67 +68 +69 +70 +71 +72 +73 +74 +75 +76 +77 +78 +79 +80 +81 +82 +83 +84 +85 +86 +87 +88 +89 +90 +91 +92 +93 +94 +95 +96 +97 +98 +99 +100 +101 +102 +103 +104 +105 +106 +107 +108 +109 +110 +111 +112 +113 +114 +115 +116 +117 +118 +119 -123 +125 -120 +122 -129 -128 -127 +121 +126 +130 -124)
(+1 +2 +3 +4 +5 +6 +7 +8 +9 +10 +11 +12 +13 +14 +15 +16 +17 +18 +19 +20 +21 +22 +23 +24 +25 +26 +27 +28 +29 +30 +31 +32 +33 +34 +35 +36 +37 +38 +39 +40 +41 +42 +43 +44 +45 +46 +47 +48 +49 +50 +51 +52 +53 +54 +55 +56 +57 +58 +59 +60 +61 +62 +63 +64 +65 +66 +67 +68 +69 +70 +71 +72 +73 +74 +75 +76 +77 +78 +79 +80 +81 +82 +83 +84 +85 +86 +87 +88 +89 +90 +91 +92 +93 +94 +95 +96 +97 +98 +99 +100 +101 +102 +103 +104 +105 +106 +107 +108 +109 +110 +111 +112 +113 +114 +115 +116 +117 +118 +119 +120 -125 +123 +122 -129 -128 -127 +121 +126 +130 -124)
(+1 +2 +3 +4 +5 +6 +7 +8 +9 +10 +11 +12 +13 +14 +15 +16 +17 +18 +19 +20 +21 +22 +23 +24 +25 +26 +27 +28 +29 +30 +31 +32 +33 +34 +35 +36 +37 +38 +39 +40 +41 +42 +43 +44 +45 +46 +47 +48 +49 +50 +51 +52 +53 +54 +55 +56 +57 +58 +59 +60 +61 +62 +63 +64 +65 +66 +67 +68 +69 +70 +71 +72 +73 +74 +75 +76 +77 +78 +79 +80 +81 +82 +83 +84 +85 +86 +87 +88 +89 +90 +91 +92 +93 +94 +95 +96 +97 +98 +99 +100 +101 +102 +103 +104 +105 +106 +107 +108 +109 +110 +111 +112 +113 +114 +115 +116 +117 +118 +119 +120 -121 +127 +128 +129 -122 -123 +125 +126 +130 -124)
(+1 +2 +3 +4 +5 +6 +7 +8 +9 +10 +11 +12 +13 +14 +15 +16 +17 +18 +19 +20 +21 +22 +23 +24 +25 +26 +27 +28 +29 +30 +31 +32 +33 +34 +35 +36 +37 +38 +39 +40 +41 +42 +43 +44 +45 +46 +47 +48 +49 +50 +51 +52 +53 +54 +55 +56 +57 +58 +59 +60 +61 +62 +63 +64 +65 +66 +67 +68 +69 +70 +71 +72 +73 +74 +75 +76 +77 +78 +79 +80 +81 +82 +83 +84 +85 +86 +87 +88 +89 +90 +91 +92 +93 +94 +95 +96 +97 +98 +99 +100 +101 +102 +103 +104 +105 +106 +107 +108 +109 +110 +111 +112 +113 +114 +115 +116 +117 +118 +119 +120 +121 +127 +128 +129 -122 -123 +125 +126 +130 -124)
(+1 +2 +3 +4 +5 +6 +7 +8 +9 +10 +11 +12 +13 +14 +15 +16 +17 +18 +19 +20 +21 +22 +23 +24 +25 +26 +27 +28 +29 +30 +31 +32 +33 +34 +35 +36 +37 +38 +39 +40 +41 +42 +43 +44 +45 +46 +47 +48 +49 +50 +51 +52 +53 +54 +55 +56 +57 +58 +59 +60 +61 +62 +63 +64 +65 +66 +67 +68 +69 +70 +71 +72 +73 +74 +75 +76 +77 +78 +79 +80 +81 +82 +83 +84 +85 +86 +87 +88 +89 +90 +91 +92 +93 +94 +95 +96 +97 +98 +99 +100 +101 +102 +103 +104 +105 +106 +107 +108 +109 +110 +111 +112 +113 +114 +115 +116 +117 +118 +119 +120 +121 +122 -129 -128 -127 -123 +125 +126 +130 -124)
(+1 +2 +3 +4 +5 +6 +7 +8 +9 +10 +11 +12 +13 +14 +15 +16 +17 +18 +19 +20 +21 +22 +23 +24 +25 +26 +27 +28 +29 +30 +31 +32 +33 +34 +35 +36 +37 +38 +39 +40 +41 +42 +43 +44 +45 +46 +47 +48 +49 +50 +51 +52 +53 +54 +55 +56 +57 +58 +59 +60 +61 +62 +63 +64 +65 +66 +67 +68 +69 +70 +71 +72 +73 +74 +75 +76 +77 +78 +79 +80 +81 +82 +83 +84 +85 +86 +87 +88 +89 +90 +91 +92 +93 +94 +95 +96 +97 +98 +99 +100 +101 +102 +103 +104 +105 +106 +107 +108 +109 +110 +111 +112 +113 +114 +115 +116 +117 +118 +119 +120 +121 +122 +123 +127 +128 +129 +125 +126 +130 -124)
(+1 +2 +3 +4 +5 +6 +7 +8 +9 +10 +11 +12 +13 +14 +15 +16 +17 +18 +19 +20 +21 +22 +23 +24 +25 +26 +27 +28 +29 +30 +31 +32 +33 +34 +35 +36 +37 +38 +39 +40 +41 +42 +43 +44 +45 +46 +47 +48 +49 +50 +51 +52 +53 +54 +55 +56 +57 +58 +59 +60 +61 +62 +63 +64 +65 +66 +67 +68 +69 +70 +71 +72 +73 +74 +75 +76 +77 +78 +79 +80 +81 +82 +83 +84 +85 +86 +87 +88 +89 +90 +91 +92 +93 +94 +95 +96 +97 +98 +99 +100 +101 +102 +103 +104 +105 +106 +107 +108 +109 +110 +111 +112 +113 +114 +115 +116 +117 +118 +119 +120 +121 +122 +123 +124 -130 -126 -125 -129 -128 -127)
(+1 +2 +3 +4 +5 +6 +7 +8 +9 +10 +11 +12 +13 +14 +15 +16 +17 +18 +19 +20 +21 +22 +23 +24 +25 +26 +27 +28 +29 +30 +31 +32 +33 +34 +35 +36 +37 +38 +39 +40 +41 +42 +43 +44 +45 +46 +47 +48 +49 +50 +51 +52 +53 +54 +55 +56 +57 +58 +59 +60 +61 +62 +63 +64 +65 +66 +67 +68 +69 +70 +71 +72 +73 +74 +75 +76 +77 +78 +79 +80 +81 +82 +83 +84 +85 +86 +87 +88 +89 +90 +91 +92 +93 +94 +95 +96 +97 +98 +99 +100 +101 +102 +103 +104 +105 +106 +107 +108 +109 +110 +111 +112 +113 +114 +115 +116 +117 +118 +119 +120 +121 +122 +123 +124 +125 +126 +130 -129 -128 -127)
(+1 +2 +3 +4 +5 +6 +7 +8 +9 +10 +11 +12 +13 +14 +15 +16 +17 +18 +19 +20 +21 +22 +23 +24 +25 +26 +27 +28 +29 +30 +31 +32 +33 +34 +35 +36 +37 +38 +39 +40 +41 +42 +43 +44 +45 +46 +47 +48 +49 +50 +51 +52 +53 +54 +55 +56 +57 +58 +59 +60 +61 +62 +63 +64 +65 +66 +67 +68 +69 +70 +71 +72 +73 +74 +75 +76 +77 +78 +79 +80 +81 +82 +83 +84 +85 +86 +87 +88 +89 +90 +91 +92 +93 +94 +95 +96 +97 +98 +99 +100 +101 +102 +103 +104 +105 +106 +107 +108 +109 +110 +111 +112 +113 +114 +115 +116 +117 +118 +119 +120 +121 +122 +123 +124 +125 +126 +127 +128 +129 -130)
(+1 +2 +3 +4 +5 +6 +7 +8 +9 +10 +11 +12 +13 +14 +15 +16 +17 +18 +19 +20 +21 +22 +23 +24 +25 +26 +27 +28 +29 +30 +31 +32 +33 +34 +35 +36 +37 +38 +39 +40 +41 +42 +43 +44 +45 +46 +47 +48 +49 +50 +51 +52 +53 +54 +55 +56 +57 +58 +59 +60 +61 +62 +63 +64 +65 +66 +67 +68 +69 +70 +71 +72 +73 +74 +75 +76 +77 +78 +79 +80 +81 +82 +83 +84 +85 +86 +87 +88 +89 +90 +91 +92 +93 +94 +95 +96 +97 +98 +99 +100 +101 +102 +103 +104 +105 +106 +107 +108 +109 +110 +111 +112 +113 +114 +115 +116 +117 +118 +119 +120 +121 +122 +123 +124 +125 +126 +127 +128 +129 +130)