995 1109
75 720
276 717
407 894
112 360
36 979
52 218
484 229
26 320
793 51
569 697
817 193
47 587
588 49
153 281
571 776
736 35
514 938
171 108
888 297
247 376
578 979
146 290
545 205
732 227
141 987
370 735
12 882
480 43
934 898
553 894
3 902
253 494
650 790
411 918
253 357
625 260
992 74
26 879
930 624
651 426
915 873
310 56
636 523
190 366
314 731
883 570
795 377
801 920
123 27
3 511
780 100
919 474
844 144
293 662
772 2
187 546
160 497
502 703
699 758
390 904
517 937
47 22
563 353
418 508
644 83
971 712
214 332
116 705
258 9
832 953
395 321
664 813
62 766
717 318
854 284
751 688
352 796
831 165
567 954
248 626
975 852
95 851
290 917
540 169
101 51
715 88
464 59
904 509
165 576
167 785
50 256
191 638
296 464
314 429
247 82
580 797
766 332
151 496
859 120
220 23
78 760
418 641
302 648
185 813
469 275
192 229
434 562
31 852
294 716
489 486
593 736
873 231
170 735
701 415
498 716
477 936
689 325
365 142
774 63
960 7
96 874
365 755
173 585
823 518
80 280
912 294
107 205
853 633
569 868
511 27
402 888
834 670
117 893
551 823
433 373
988 46
52 200
318 63
952 779
831 917
537 726
711 198
790 57
67 438
892 112
22 251
536 187
751 831
670 534
306 903
279 387
471 910
55 512
140 311
451 53
336 813
899 187
878 438
519 20
990 779
699 617
703 265
54 699
506 384
662 954
596 33
670 135
199 754
543 49
40 137
532 106
175 422
292 908
410 363
78 800
160 575
565 65
331 627
510 452
645 667
585 38
593 965
482 467
694 493
441 984
900 559
534 90
157 21
706 257
841 233
293 590
133 249
639 854
17 729
959 980
63 40
425 920
188 684
165 867
748 725
617 995
789 928
65 76
649 335
171 296
34 584
255 101
332 152
991 780
310 4
832 720
364 867
699 677
473 278
710 80
184 276
586 318
517 293
619 135
28 586
766 148
777 937
468 517
34 758
81 372
660 453
129 694
675 58
824 277
350 409
381 886
356 614
953 877
263 315
834 606
431 101
346 572
785 500
580 845
978 566
813 295
880 559
835 157
44 349
100 660
643 618
450 826
411 919
202 774
149 395
783 247
569 388
224 662
408 176
513 562
679 510
474 836
729 500
719 617
356 277
247 923
848 467
904 453
347 483
465 527
232 814
975 694
538 430
24 669
60 514
916 372
13 901
498 116
315 688
514 191
421 372
896 671
592 186
754 280
771 167
513 736
653 715
143 528
835 27
5 680
182 212
872 900
290 729
97 332
572 176
374 166
846 760
438 322
570 747
831 759
82 50
495 4
931 954
100 528
923 316
594 500
526 605
8 292
187 154
125 7
598 557
846 837
249 18
739 341
258 542
790 879
443 83
106 283
178 423
835 658
939 545
367 840
593 886
73 359
904 549
251 278
873 365
554 959
786 757
22 973
628 853
812 16
542 503
617 160
705 196
506 287
427 503
546 525
423 613
480 159
168 262
78 695
744 516
245 375
974 354
345 926
729 781
474 232
165 273
862 649
961 347
220 419
758 558
21 67
649 304
188 148
158 880
398 917
593 637
530 629
387 53
749 291
966 969
702 762
95 232
930 156
68 722
703 197
707 628
476 584
81 482
502 700
229 849
46 687
341 848
518 950
256 361
361 339
767 391
477 850
531 157
251 28
566 282
437 240
82 244
636 245
157 65
989 226
851 309
532 424
23 128
153 488
532 132
369 814
365 416
494 59
628 466
392 87
661 729
423 940
98 778
742 769
239 495
906 889
955 318
344 814
59 740
511 887
68 312
608 446
240 51
980 868
18 171
602 376
589 140
871 157
927 263
451 470
89 306
26 861
973 164
670 87
310 677
100 346
105 674
99 434
638 684
539 43
334 597
550 524
406 769
598 959
526 566
367 390
808 88
339 796
868 899
218 161
876 474
689 971
6 576
87 546
362 748
323 816
941 733
563 109
99 518
420 564
324 719
471 199
579 206
22 446
822 436
69 713
195 735
296 801
722 248
627 730
49 235
825 634
930 959
641 266
25 693
938 694
265 102
194 4
439 370
671 237
593 83
970 412
940 558
543 841
811 289
416 339
338 516
556 595
102 707
546 902
777 894
162 172
804 544
574 350
537 277
60 89
564 623
923 221
493 885
6 238
397 95
156 267
844 704
677 743
215 410
677 979
162 695
635 869
427 344
694 252
937 783
313 131
744 901
686 267
566 474
808 610
508 317
104 870
100 847
415 79
59 813
243 623
948 935
814 362
144 602
435 109
290 655
234 790
480 247
696 489
550 675
431 869
194 211
435 19
813 622
776 854
585 616
211 893
415 687
472 367
680 820
863 342
409 719
196 761
42 585
322 478
20 305
634 428
46 22
444 355
851 778
338 589
751 789
336 613
536 241
222 643
115 205
60 77
689 469
507 74
807 869
219 139
639 2
453 481
916 901
26 8
593 528
330 630
518 11
51 234
612 555
201 359
884 44
63 391
638 352
292 476
328 650
288 98
46 723
740 396
644 761
178 540
603 350
429 850
305 848
151 882
644 926
54 483
763 375
810 222
297 356
515 271
224 249
843 191
82 324
544 240
940 977
850 668
963 903
314 287
897 907
16 50
974 176
779 199
832 736
252 235
714 327
838 175
984 987
457 419
816 540
908 933
882 688
364 735
752 434
292 345
256 991
644 895
706 238
348 669
92 198
888 195
366 470
429 652
700 796
253 338
988 747
285 369
95 110
951 758
819 14
430 149
468 828
104 658
351 866
118 654
117 405
805 900
881 871
671 868
603 204
348 291
71 377
962 279
971 499
557 899
664 376
248 403
492 989
372 905
645 15
718 546
397 808
72 153
911 376
508 286
379 120
746 301
323 437
936 724
240 347
773 479
697 174
15 718
858 729
414 451
381 818
938 113
480 559
953 799
491 627
393 490
66 479
359 126
980 732
134 248
314 113
941 436
851 565
668 390
450 58
103 852
563 351
71 21
639 804
351 366
9 63
95 847
877 667
795 112
773 527
329 107
361 796
778 541
768 241
698 554
406 662
590 435
730 800
145 512
644 913
355 523
967 964
306 688
219 522
655 253
77 819
327 593
735 291
443 66
433 923
34 181
704 764
373 750
952 894
805 69
99 431
970 505
256 811
795 193
566 637
776 924
983 844
682 66
414 473
414 914
54 575
240 236
917 46
929 277
688 836
152 113
440 779
920 411
606 2
979 261
501 167
38 889
846 111
835 198
87 77
492 55
898 302
271 655
490 767
292 618
585 59
312 349
976 294
422 678
716 109
568 710
452 239
464 104
116 139
754 804
329 285
747 405
776 957
932 578
109 759
475 60
978 52
102 964
947 937
33 118
988 537
861 883
612 462
691 878
575 657
27 714
329 567
649 114
341 71
886 832
975 91
830 186
547 505
807 547
283 430
471 737
451 407
321 622
887 734
584 468
323 639
602 926
554 754
262 815
90 620
429 331
316 114
936 73
134 858
465 838
162 521
377 429
76 205
227 407
923 722
176 552
967 119
314 395
690 348
914 210
282 115
165 535
966 266
97 417
185 23
465 709
871 117
783 824
209 233
658 258
271 352
852 404
76 971
719 1
76 380
755 681
820 314
280 788
130 226
465 634
387 716
737 107
243 554
738 817
402 778
99 793
348 286
615 826
705 183
685 302
66 872
814 262
199 964
474 136
288 427
771 521
477 802
507 869
981 422
358 332
27 674
943 69
859 658
768 202
636 562
938 902
634 404
989 561
7 65
574 631
226 213
944 604
702 348
29 238
655 659
56 507
931 772
41 396
10 418
850 471
162 720
379 641
506 727
626 280
198 641
99 481
829 545
212 924
613 986
179 222
322 483
403 10
42 131
362 456
993 601
94 757
546 306
848 265
119 54
517 807
864 300
898 928
779 33
228 699
698 263
668 730
479 414
239 417
533 18
208 434
232 591
79 465
747 272
84 605
289 664
546 262
60 574
927 722
566 799
907 169
490 723
623 838
489 74
615 965
766 159
622 128
671 611
114 427
132 214
935 962
42 712
7 590
332 219
747 901
914 750
98 801
666 127
46 396
162 494
977 280
306 273
446 325
609 967
48 453
215 713
510 967
170 29
173 929
198 275
743 963
501 500
455 122
326 477
820 689
722 965
47 543
251 944
771 493
584 93
968 295
391 81
38 577
70 762
614 659
648 184
638 174
816 809
673 621
912 936
287 218
437 287
860 455
857 707
913 238
557 757
383 4
791 484
854 89
473 43
69 330
220 158
90 193
338 623
70 705
243 721
753 266
629 964
587 481
899 55
881 238
243 267
332 21
406 884
696 944
322 371
329 787
575 82
489 655
572 156
137 96
530 465
573 341
908 338
633 163
952 591
801 970
599 891
640 44
656 749
111 954
134 339
38 762
275 141
493 227
569 89
187 518
60 264
938 388
604 655
892 916
69 186
666 263
351 120
528 691
60 248
954 978
808 195
557 215
733 408
734 373
823 529
702 74
840 789
486 54
388 689
902 436
927 893
216 66
794 497
982 766
625 273
285 912
446 354
385 53
200 451
981 494
93 861
103 186
827 903
161 269
427 777
358 575
181 823
60 162
831 333
792 173
471 655
615 779
65 32
380 652
714 380
491 687
690 279
579 230
514 33
755 433
443 48
401 193
176 695
39 967
877 715
86 4
976 315
64 576
696 365
248 203
652 344
807 855
386 138
430 246
355 440
845 897
142 592
718 581
815 195
488 741
273 606
607 918
549 174
973 572
179 313
270 991
990 496
701 184
497 55
81 438
6 976
364 680
450 747
4 394
67 706
478 682
632 631
235 766
124 850
550 961
47 479
831 336
65 248
994 353
122 380
157 630
280 366
502 8
895 323
456 880
664 404
272 209
974 60
162 861
84 908
973 301
500 643
81 615
190 404
292 113
421 84
127 282
778 594
560 737
586 248
311 14
473 558
600 162
769 254
617 607
456 134
95 640
108 803
841 7
