1000 4941
853 846
238 715
654 657
162 339
400 426
436 931
114 416
185 946
855 812
8 952
578 811
903 519
465 543
482 919
963 383
99 953
639 632
51 195
344 940
200 550
293 759
57 598
809 641
3 654
823 447
406 355
499 191
889 523
265 545
12 754
485 800
947 496
549 962
687 699
475 934
55 873
367 124
705 648
816 405
635 203
598 358
156 653
379 799
912 798
52 590
36 843
356 61
296 451
829 743
955 916
480 410
38 132
462 723
265 181
754 951
216 677
602 540
841 380
509 470
788 199
238 122
609 614
24 898
514 63
795 808
481 125
805 115
319 991
122 377
910 11
876 290
549 132
200 152
64 740
952 690
528 950
560 754
249 890
529 277
529 856
537 582
895 856
307 483
551 113
311 443
646 280
82 759
7 643
343 629
639 327
338 256
588 250
682 550
701 658
309 365
24 442
902 35
10 430
86 838
824 427
884 427
143 368
492 54
826 377
719 332
531 440
445 697
756 25
232 812
856 305
818 267
268 743
255 118
501 322
18 583
240 763
645 303
421 538
558 366
407 44
835 378
694 414
765 741
985 252
105 49
501 688
636 284
420 137
712 999
955 398
153 317
699 204
559 158
889 851
775 860
641 147
823 175
682 545
501 393
520 273
349 772
9 345
856 649
66 688
967 143
141 593
976 157
131 937
595 142
88 433
598 169
168 576
361 894
322 857
87 684
218 240
558 523
295 377
2 802
48 527
849 812
749 65
106 336
452 943
933 978
201 233
402 26
76 69
591 548
352 11
705 198
245 811
907 943
858 326
15 154
271 849
534 20
422 850
497 361
255 576
863 477
263 461
640 314
895 529
659 504
537 97
442 881
777 690
573 620
357 163
82 523
231 393
400 246
214 244
288 736
532 534
2 489
994 720
281 308
663 598
935 561
82 337
418 988
835 703
529 504
125 237
215 666
418 770
28 379
856 264
28 420
253 946
268 507
203 719
53 348
76 624
404 192
846 667
426 213
501 831
588 195
284 731
551 159
585 946
710 684
87 134
307 33
879 816
261 341
900 164
403 63
956 63
596 940
906 366
922 436
210 130
393 674
233 488
360 224
124 137
397 261
735 118
441 626
742 561
746 790
239 143
912 818
707 203
56 979
367 37
936 269
947 485
705 208
100 292
856 615
745 41
265 284
412 85
13 49
858 958
895 280
789 363
476 333
611 327
994 325
228 523
449 802
29 476
493 623
342 909
218 90
944 494
679 262
76 140
630 879
265 43
281 725
983 321
821 102
417 317
290 750
475 444
238 136
55 978
919 697
331 688
387 47
975 694
445 647
437 917
410 762
840 470
767 229
714 499
456 522
571 326
225 858
60 623
423 80
761 257
92 618
282 327
900 684
14 765
640 828
219 800
977 946
917 431
706 72
742 961
871 333
265 662
194 276
268 120
514 823
595 128
400 507
456 744
475 203
664 439
701 323
495 4
888 822
965 761
850 606
687 784
636 435
16 449
797 236
970 292
456 375
238 147
38 284
630 657
541 12
324 56
816 673
301 988
322 182
566 104
983 785
402 693
865 459
662 447
61 404
441 732
243 373
216 823
190 993
687 429
728 125
835 838
584 407
876 538
917 424
776 467
82 19
856 823
228 233
434 318
749 618
843 934
454 543
517 990
15 358
354 105
318 526
373 374
558 124
912 605
123 851
34 193
492 466
517 314
874 873
630 349
68 882
741 374
745 568
726 191
282 748
343 62
971 753
708 291
664 348
596 671
5 615
246 272
545 530
686 70
280 757
917 433
403 234
314 102
334 680
778 34
174 187
956 882
693 706
820 650
600 92
38 447
612 910
811 54
245 237
522 47
746 967
335 6
68 88
515 753
435 596
79 295
422 484
695 855
747 873
742 327
941 365
651 542
322 136
286 489
769 519
487 344
768 274
401 724
278 944
790 851
700 258
166 25
976 440
50 274
651 277
100 674
211 929
699 674
395 83
911 474
307 328
71 483
339 184
994 828
780 18
379 665
79 291
462 530
48 189
817 980
16 466
876 210
254 799
681 452
239 169
521 882
503 512
922 621
479 181
631 600
445 997
141 61
250 56
201 660
534 251
331 860
43 259
425 988
501 963
959 667
928 715
898 838
837 90
345 948
588 887
595 901
38 207
630 533
766 384
760 169
373 47
870 295
727 170
790 875
492 537
56 410
661 264
935 409
975 852
225 403
813 114
389 53
679 863
912 248
159 128
343 487
695 996
240 230
646 658
97 22
261 11
389 70
82 984
893 138
485 952
198 163
16 224
686 41
923 393
604 205
838 910
30 731
664 973
73 915
535 938
930 768
60 522
956 311
633 166
961 293
693 383
107 369
767 674
454 790
534 476
918 458
197 652
210 247
462 395
463 91
879 215
37 314
269 355
34 831
734 788
898 108
976 535
793 199
150 580
228 940
462 911
321 265
214 966
529 890
399 312
307 385
881 910
734 504
239 491
275 757
437 782
352 91
608 236
572 971
242 496
597 1000
308 305
503 214
986 323
17 673
604 739
271 220
240 310
682 149
252 980
96 389
442 68
481 572
729 773
31 991
16 881
87 947
878 938
673 665
521 788
521 98
631 694
745 739
856 794
836 155
101 621
840 222
864 196
974 596
663 550
639 534
976 435
727 804
636 533
160 731
520 723
567 991
197 592
556 306
181 822
438 684
956 308
123 586
153 556
245 449
981 22
544 171
871 69
193 870
820 147
844 580
508 621
351 216
308 431
98 466
95 444
390 295
284 830
584 417
766 500
659 794
89 755
329 982
805 568
501 872
636 890
503 824
360 283
915 757
214 628
585 819
98 169
383 607
106 291
191 688
662 716
585 279
417 690
109 999
211 557
419 761
935 955
194 711
575 67
867 666
778 291
579 731
302 733
818 330
454 180
840 494
638 450
222 169
79 393
387 500
483 830
853 222
48 278
928 11
87 239
253 152
678 534
918 119
886 398
900 702
596 237
389 996
871 405
102 552
351 875
573 740
95 542
238 216
242 167
633 557
436 26
117 191
495 346
46 558
844 817
31 318
842 252
571 278
438 340
918 57
403 937
578 444
407 113
541 990
691 583
750 230
491 32
534 690
166 504
793 500
722 306
150 843
870 177
581 471
600 437
654 349
754 972
128 800
509 690
347 718
595 561
406 583
274 948
746 463
574 592
638 753
768 880
514 291
435 163
787 822
397 441
123 472
811 946
887 351
354 484
986 64
278 931
84 823
603 833
527 824
48 815
605 147
789 917
625 765
644 431
754 526
417 457
39 423
496 951
960 433
85 979
16 765
655 626
867 263
215 614
182 650
255 64
493 896
556 456
563 390
727 529
102 587
400 909
765 564
386 626
833 488
553 764
401 127
827 944
5 741
633 507
902 958
975 914
724 40
687 164
998 204
19 459
158 903
912 689
148 620
954 273
519 506
361 461
760 945
354 40
636 896
125 316
468 619
837 723
923 259
893 526
859 362
76 80
421 781
243 705
686 87
736 748
407 562
318 704
909 908
393 178
696 498
413 961
311 295
402 184
266 684
168 384
334 386
99 587
885 872
140 751
487 340
354 251
711 688
553 332
935 873
442 876
994 273
99 773
904 25
813 65
4 420
691 122
642 217
927 516
480 333
647 823
538 872
297 176
495 397
381 831
554 572
304 724
85 262
486 113
271 129
35 580
987 227
640 666
534 163
936 878
592 427
774 626
296 717
885 149
964 961
48 419
835 833
638 776
269 464
89 794
36 890
914 797
822 555
790 327
756 230
539 542
521 63
945 149
376 309
28 727
961 66
659 831
456 824
487 522
607 713
53 178
314 32
760 411
189 607
319 305
673 146
394 405
14 512
881 972
346 938
348 621
789 49
681 984
721 795
922 684
260 843
286 224
12 137
157 764
922 372
434 217
320 326
397 78
435 295
384 408
148 481
584 538
975 587
651 506
943 626
268 509
566 609
933 268
937 295
994 253
100 390
923 311
981 950
727 107
503 893
215 264
271 310
381 982
786 95
937 891
847 264
574 253
595 150
328 262
581 919
433 910
676 160
750 427
71 227
250 61
525 159
242 825
624 470
6 619
492 794
842 149
836 123
17 123
115 663
640 405
422 119
271 231
666 688
422 81
632 256
153 86
652 871
27 573
925 480
811 759
750 336
841 532
90 216
642 607
664 582
38 1
956 540
115 228
439 663
934 192
338 368
411 554
891 49
673 358
515 519
92 647
905 451
989 805
630 789
385 607
885 78
945 444
540 447
782 510
547 599
287 206
571 812
888 355
934 222
593 405
615 543
495 244
279 448
712 667
862 838
820 273
514 580
402 576
147 617
589 561
481 524
865 756
979 538
467 301
546 203
529 385
508 1000
397 209
478 762
989 194
493 861
746 90
79 787
64 72
100 961
357 733
503 260
729 829
325 548
270 362
201 622
394 472
94 227
9 991
440 540
153 774
77 668
82 433
942 552
599 35
984 312
285 738
434 156
877 136
575 568
455 310
274 830
494 680
887 228
870 425
466 86
233 948
659 560
162 104
678 202
644 974
517 344
575 598
318 383
961 649
85 592
590 276
512 617
810 898
501 379
853 150
769 663
178 507
878 134
596 716
735 214
676 555
215 167
795 328
959 67
652 215
466 446
29 26
467 154
503 434
379 93
253 49
201 59
185 849
789 345
23 427
460 583
906 582
121 364
986 357
859 324
116 498
346 817
55 33
240 985
57 757
242 382
207 752
760 842
634 690
252 314
726 729
455 893
15 855
719 540
645 557
385 996
498 154
944 507
963 425
433 748
288 670
734 199
899 987
290 979
386 698
813 769
261 580
320 757
301 340
983 764
50 184
541 796
825 108
699 301
992 785
478 819
828 399
556 772
886 519
740 694
9 95
672 446
837 674
658 308
783 849
575 59
510 129
662 439
497 444
558 926
975 564
245 732
252 674
1 230
214 757
844 555
281 300
521 69
286 134
392 378
503 891
158 257
750 938
889 643
36 19
271 409
809 834
645 236
308 443
813 709
989 533
390 99
835 191
484 855
655 669
892 942
586 65
14 308
678 423
863 160
737 808
722 202
668 453
282 696
961 184
643 753
230 615
212 502
786 687
343 54
806 383
58 988
274 753
756 160
496 289
423 901
118 295
689 217
923 926
746 343
350 742
604 857
679 739
131 921
925 531
139 526
701 753
30 546
266 262
361 758
419 959
3 304
80 656
627 972
426 910
905 819
247 440
588 974
782 587
288 342
857 126
218 539
156 427
367 84
593 957
850 910
85 349
652 518
947 351
321 175
446 555
782 332
930 22
253 333
953 692
236 592
238 483
168 123
722 340
706 128
941 53
687 12
282 344
694 365
654 60
622 903
662 614
350 221
599 952
413 87
797 471
763 619
780 651
252 122
324 543
879 869
925 620
60 647
28 142
269 685
42 927
758 377
565 295
498 675
462 901
429 113
672 537
654 36
837 268
769 567
246 632
573 535
878 13
152 714
537 858
771 223
633 641
560 175
119 123
302 713
31 576
279 599
16 236
804 157
914 256
348 49
668 251
683 254
224 692
957 617
106 296
945 414
279 716
696 3
52 540
532 489
737 199
612 40
277 474
204 759
131 394
960 125
206 432
765 903
531 764
325 69
565 415
734 366
882 677
780 63
44 499
261 115
651 224
301 476
594 843
106 257
438 625
578 999
595 831
597 500
779 753
615 384
636 94
910 990
892 637
350 759
34 542
788 513
300 784
649 690
774 121
61 823
208 789
840 255
321 487
68 852
269 266
470 192
133 879
751 748
421 451
754 717
989 239
439 784
829 253
278 109
80 804
62 323
762 192
249 156
164 471
515 607
282 350
419 476
360 239
359 374
478 19
956 965
225 960
779 44
971 674
121 732
747 45
289 784
892 946
17 520
373 343
254 463
435 691
238 261
17 389
600 439
795 569
407 98
318 246
325 730
487 383
805 598
421 247
277 594
494 968
298 130
524 757
165 688
711 719
343 284
878 919
666 538
882 187
809 233
296 383
963 251
350 267
979 217
585 882
659 650
51 981
271 592
182 488
899 377
102 408
22 564
774 329
832 949
867 963
210 322
592 276
13 708
529 702
273 671
660 861
610 640
571 237
3 348
956 366
26 881
977 951
64 233
482 741
238 934
600 116
820 155
658 266
400 235
776 720
937 782
735 967
404 739
422 710
646 491
325 127
814 306
541 522
728 506
943 138
837 537
553 753
554 919
949 458
439 870
885 103
922 915
387 987
635 982
589 403
212 909
391 590
202 954
752 351
273 74
456 246
865 219
866 203
367 687
813 283
9 29
410 222
529 447
345 149
842 694
610 667
57 777
224 737
318 794
121 292
655 628
252 380
514 75
401 673
533 392
594 720
463 232
658 913
392 444
139 952
159 262
799 126
219 157
487 55
141 541
751 620
510 762
815 146
112 821
760 753
172 90
263 632
230 160
30 285
606 369
271 456
864 543
168 380
172 233
673 564
487 239
123 160
396 340
881 508
883 957
503 114
422 609
958 567
279 66
686 518
27 592
602 619
949 741
344 151
112 211
900 193
393 744
270 657
378 890
14 83
307 199
698 323
679 690
613 84
703 365
57 542
62 688
655 676
124 698
107 473
143 47
27 151
286 736
346 511
385 312
525 447
759 784
940 78
832 591
942 670
238 632
265 405
947 507
270 166
53 222
162 383
410 126
240 597
611 147
364 355
821 618
315 552
210 552
7 822
579 689
376 554
106 617
839 308
752 614
695 957
866 498
208 744
997 109
925 533
280 670
527 107
141 928
307 537
513 966
610 911
874 971
565 67
814 457
86 982
962 327
928 475
743 384
660 341
558 372
151 499
292 126
334 204
832 706
85 714
334 548
490 675
571 316
661 536
726 296
494 459
919 179
297 192
558 42
373 570
708 72
584 523
514 958
714 147
839 711
271 842
680 340
510 203
537 493
520 275
525 552
117 112
100 408
997 150
411 607
912 178
930 177
640 668
53 948
275 508
202 81
349 712
8 844
558 260
935 437
772 764
928 466
515 123
123 944
658 989
660 905
366 704
536 151
497 829
439 860
925 354
922 467
282 780
317 592
247 121
239 236
583 78
655 333
527 59
936 854
325 932
703 186
218 220
335 683
301 188
885 239
734 285
711 939
453 860
957 486
613 649
815 333
449 665
752 483
326 223
347 358
810 536
885 68
21 639
816 154
483 358
283 648
639 963
858 557
527 677
74 227
40 761
257 472
370 694
385 758
706 287
603 275
268 179
52 64
489 938
483 251
972 49
929 42
442 138
786 903
394 908
245 140
815 485
324 64
66 164
815 699
582 206
565 628
508 415
357 870
232 990
334 854
205 266
243 464
599 932
445 597
920 796
9 98
224 220
514 154
225 33
613 72
758 702
101 361
581 743
985 830
932 586
235 136
454 540
271 126
936 352
241 542
975 124
558 204
463 392
798 144
502 253
929 327
451 432
452 927
397 127
769 446
806 336
240 940
817 677
611 143
422 73
911 522
989 45
467 592
232 759
51 858
13 47
434 964
245 762
4 556
612 345
404 262
867 358
706 568
46 201
980 516
89 524
164 431
887 195
749 43
985 980
76 964
695 478
770 326
848 175
659 63
944 967
479 851
8 203
9 195
417 344
193 516
656 822
417 648
531 249
489 953
554 186
58 199
773 129
385 704
760 981
9 409
101 552
337 719
388 653
965 63
396 366
601 237
141 561
241 861
609 891
888 227
43 182
292 222
233 578
887 782
122 798
454 506
976 679
975 411
208 715
463 525
118 823
438 93
212 184
339 301
17 928
914 267
454 277
773 377
997 325
903 901
560 821
319 122
482 25
961 615
874 887
873 773
530 917
50 190
547 580
271 657
201 58
789 409
720 555
944 872
574 879
159 615
778 272
941 964
672 440
584 10
694 494
254 49
695 757
98 273
591 457
993 618
703 771
598 542
622 927
736 554
819 424
51 287
767 294
768 64
253 274
678 904
865 314
403 666
612 132
740 337
430 561
27 262
190 886
375 692
619 504
106 974
270 768
180 499
992 488
752 298
152 340
354 103
9 205
690 675
209 572
31 361
249 939
606 898
664 890
912 198
556 184
886 516
460 639
210 614
725 650
483 19
963 797
819 759
224 478
145 527
895 416
364 227
116 998
534 643
639 325
541 595
944 169
926 660
564 191
331 240
840 341
789 157
723 673
215 55
40 72
442 939
14 845
207 164
997 737
547 174
394 866
6 156
634 927
672 115
308 857
194 120
827 430
738 146
886 748
351 206
599 540
121 704
378 447
694 178
700 864
112 724
410 570
829 580
25 470
133 93
201 986
448 987
466 496
913 60
616 782
288 950
40 619
403 132
116 875
389 519
318 988
9 976
941 839
961 374
508 103
381 794
799 500
774 36
996 156
372 217
598 109
1000 684
241 78
638 681
12 719
269 826
10 181
915 142
378 204
575 216
316 206
960 159
720 621
156 378
195 177
318 457
877 363
288 889
933 169
76 943
319 453
810 292
126 808
891 819
213 803
203 504
536 308
16 699
551 997
938 506
226 869
798 731
893 849
933 23
307 339
878 357
951 113
996 196
920 475
974 146
27 426
334 109
797 619
742 995
727 931
563 898
106 827
913 855
291 688
397 157
742 151
183 280
556 278
756 571
278 414
81 178
7 78
874 292
565 987
965 454
436 129
738 130
700 675
937 23
627 95
4 378
81 195
941 349
941 270
247 620
468 690
710 977
623 753
537 970
282 93
569 163
446 341
243 646
832 318
989 85
155 834
802 84
162 897
716 690
36 375
992 976
222 670
635 962
906 150
393 614
563 907
912 556
378 719
127 968
240 268
918 443
931 404
6 673
189 415
703 464
814 685
545 431
438 395
965 116
621 199
212 871
827 712
898 408
641 916
187 617
496 909
613 349
482 378
634 292
225 139
837 74
86 120
640 308
329 661
809 643
918 336
422 725
294 542
775 772
397 450
652 388
817 22
59 167
1000 822
895 579
472 171
810 333
720 300
59 256
791 51
995 57
133 362
576 990
545 311
138 688
655 501
34 139
452 142
201 572
255 369
420 725
75 538
832 458
798 134
613 603
190 83
248 182
914 506
634 457
924 32
460 398
571 855
1 312
503 269
899 259
205 67
133 742
886 44
246 730
373 254
458 191
486 670
253 812
932 473
401 249
111 690
183 587
630 487
597 499
419 586
743 450
841 465
945 82
357 489
485 292
601 371
750 991
150 509
308 890
747 508
173 369
297 249
211 761
309 898
961 957
508 333
950 156
110 489
436 386
789 268
60 819
291 648
79 438
638 462
394 583
13 345
208 36
401 798
865 964
683 87
339 564
494 797
779 750
465 151
139 143
693 876
334 539
635 748
183 659
884 524
259 748
259 163
8 535
426 266
317 446
356 561
546 917
194 894
616 515
324 16
381 65
110 513
959 765
735 152
370 777
188 333
795 863
63 949
563 299
265 871
696 889
586 990
683 62
399 66
590 958
661 854
719 227
405 375
463 582
445 459
655 710
505 731
514 456
110 355
274 232
844 860
75 280
866 740
470 940
502 1000
840 57
928 149
126 716
197 721
664 613
24 783
520 671
647 499
964 991
101 506
925 205
84 83
104 444
471 688
767 510
839 797
989 710
149 84
140 530
229 849
857 19
877 869
933 595
589 486
820 544
775 225
313 270
96 650
335 392
339 833
563 788
968 427
128 993
878 106
640 982
509 316
260 772
754 524
226 680
100 849
101 45
743 583
178 519
585 93
640 171
17 214
801 823
858 656
457 978
297 878
4 927
537 551
386 325
228 619
145 489
319 444
746 1000
304 75
117 903
362 977
792 142
308 777
18 568
590 793
993 430
573 597
278 453
557 507
9 880
254 237
323 966
391 603
635 579
605 377
805 476
769 747
218 915
455 343
827 470
243 995
735 220
758 793
814 31
134 808
600 11
68 453
786 955
436 136
89 998
205 908
699 365
517 377
933 696
942 853
209 567
423 543
411 799
545 608
30 551
985 808
841 44
969 673
879 620
597 542
284 582
367 247
666 129
865 517
832 697
122 694
66 621
408 650
456 819
53 511
755 803
827 126
700 906
498 264
82 106
979 811
304 839
90 644
710 772
287 808
703 2
695 977
581 739
205 580
481 199
79 736
835 830
464 348
908 978
140 420
918 699
749 360
401 762
21 410
827 738
771 785
992 285
683 179
955 822
243 149
905 512
814 586
817 358
469 192
468 739
254 892
396 871
435 337
769 910
495 705
386 919
651 340
201 540
563 512
840 710
712 283
89 99
607 380
330 232
55 476
201 446
722 99
5 357
959 41
597 822
563 263
564 447
636 369
693 610
68 718
640 524
736 390
38 665
379 486
115 54
703 84
740 802
967 578
118 714
324 999
1 675
401 326
954 993
920 49
981 882
119 904
419 143
122 447
705 698
24 206
114 213
884 36
920 533
151 999
776 847
686 651
229 228
82 270
747 292
50 588
918 198
809 310
367 874
243 69
417 249
70 180
984 300
140 605
89 405
840 852
754 20
310 369
331 647
902 818
151 368
796 158
887 906
527 419
492 431
821 196
257 328
683 161
421 922
708 75
255 811
100 312
997 54
462 884
708 628
297 296
454 440
127 171
495 727
459 990
574 494
278 607
775 283
799 409
301 378
777 704
59 123
286 171
945 109
678 546
92 641
290 812
437 939
168 177
133 394
225 32
388 353
559 399
778 553
710 420
13 844
633 771
289 405
202 135
455 315
132 287
595 782
482 330
26 990
529 60
7 866
31 258
585 661
605 206
552 486
218 685
664 544
883 468
610 292
131 741
405 953
943 896
579 857
746 932
301 632
712 161
24 61
977 619
37 184
630 105
316 948
119 378
253 851
856 353
105 280
912 152
142 232
153 177
364 405
347 16
292 519
646 7
597 448
501 694
541 873
599 758
393 99
412 137
381 374
13 272
513 239
895 44
312 472
37 410
628 166
537 581
560 633
128 365
502 768
776 146
76 422
360 718
754 619
573 852
460 734
776 661
815 959
579 862
246 206
322 301
655 29
786 785
768 447
335 755
807 299
679 758
798 249
522 169
133 259
796 946
156 511
536 544
631 347
395 446
694 891
218 982
185 409
795 720
80 987
29 685
449 284
837 278
547 583
696 320
624 968
883 565
455 884
97 949
207 845
574 487
121 65
162 97
424 938
882 272
916 647
644 524
884 905
829 109
390 217
243 685
190 339
101 124
174 343
124 518
234 66
895 267
588 724
422 733
87 995
760 6
495 505
651 828
229 333
466 881
67 181
766 60
73 158
418 12
989 323
662 363
187 991
556 887
521 120
6 336
963 548
286 602
306 268
221 777
76 12
847 544
922 66
246 740
501 100
853 511
646 934
931 605
16 590
825 808
501 765
699 758
404 429
82 118
651 932
390 136
197 505
68 165
394 656
857 511
215 552
52 935
393 569
979 632
750 186
254 789
117 37
17 913
678 590
517 415
96 199
613 550
245 2
373 380
671 677
507 506
381 74
317 917
769 724
269 657
2 12
707 748
287 355
162 795
360 731
484 800
219 481
676 391
325 831
846 415
791 950
421 935
117 578
922 252
814 269
599 995
984 504
250 715
469 197
324 643
993 429
255 3
790 705
148 260
774 518
367 730
208 108
407 371
502 578
817 518
820 472
821 470
343 648
123 179
112 354
521 887
494 731
44 946
633 64
195 953
372 267
174 725
600 748
394 23
740 41
13 308
645 252
879 378
79 215
672 566
111 668
918 25
352 64
435 621
922 84
525 721
211 570
710 991
489 233
949 291
788 637
366 154
792 45
495 301
814 276
304 984
535 54
892 275
434 343
234 520
289 440
56 872
842 843
534 472
495 761
106 502
61 916
867 833
407 823
981 552
599 105
502 499
782 108
765 908
969 348
55 300
195 300
352 488
922 44
944 113
874 293
585 814
307 998
986 1
970 327
809 963
807 632
484 311
461 667
279 35
706 851
945 665
433 812
837 667
324 354
469 972
878 386
881 430
862 233
39 201
594 384
117 596
664 880
248 797
889 785
709 880
915 799
305 192
676 260
234 627
815 150
352 626
554 952
701 268
150 797
816 793
913 351
765 901
50 300
201 570
879 283
321 427
920 69
39 47
202 594
304 557
889 56
279 829
598 656
68 507
26 567
211 214
473 507
935 799
754 946
701 238
21 913
43 825
615 552
836 992
672 897
820 151
900 99
312 934
700 759
596 363
64 753
99 784
417 116
929 230
379 299
344 812
752 586
63 264
254 633
735 149
608 291
331 941
297 410
903 227
482 93
446 175
933 2
659 314
736 952
629 414
655 212
975 808
7 191
423 379
319 820
485 65
310 670
510 91
588 615
43 553
594 483
978 940
250 856
137 738
318 535
194 446
693 477
145 513
959 615
933 468
383 109
791 325
756 371
775 203
525 150
662 591
174 381
381 637
343 979
734 719
700 619
661 731
422 907
114 728
866 565
944 578
314 275
545 463
230 355
480 496
52 806
769 220
273 410
243 652
59 137
21 562
5 221
208 999
117 179
707 888
863 444
288 120
583 126
235 773
386 769
560 86
997 596
810 990
925 397
376 535
616 884
327 552
664 543
663 164
668 740
282 609
102 11
66 680
659 804
810 21
514 420
76 383
612 332
421 666
705 988
797 441
13 448
569 535
914 64
381 636
711 685
493 98
682 306
369 999
863 486
467 366
15 927
912 118
767 214
324 908
827 734
58 135
900 386
611 570
557 223
961 289
817 104
177 72
857 811
574 575
417 569
949 256
73 399
38 604
844 743
96 120
202 20
884 446
62 572
599 917
730 738
983 58
734 697
201 467
610 36
995 408
942 554
487 138
394 816
336 692
912 546
791 206
575 237
851 781
925 494
1000 518
16 178
307 414
792 242
574 630
458 94
683 958
280 711
406 470
300 685
338 69
505 25
911 481
489 861
457 414
205 872
974 259
995 199
261 188
475 99
923 540
618 156
503 808
857 861
920 730
126 506
146 748
737 823
609 78
377 519
482 97
962 330
546 448
965 628
840 552
34 857
770 175
570 688
810 355
611 987
633 572
633 119
832 577
779 647
635 410
854 439
537 4
799 340
43 698
811 384
760 366
651 625
281 622
539 711
212 627
547 839
89 232
270 87
588 246
436 379
458 948
511 220
645 452
920 520
649 78
928 607
101 848
570 227
864 969
735 569
604 470
89 716
456 820
111 838
411 870
408 951
740 280
767 765
870 519
304 888
981 18
456 386
307 904
255 523
419 822
577 720
480 824
543 506
29 928
638 625
968 136
604 545
436 870
950 605
610 674
916 741
90 427
918 522
960 386
867 311
597 979
376 126
358 522
733 138
770 927
970 688
93 831
792 474
168 991
864 873
465 440
734 857
456 180
589 74
766 414
792 148
575 139
423 725
634 443
997 229
466 802
583 620
584 342
349 869
144 93
71 231
418 65
832 770
183 916
865 229
223 365
885 234
595 771
863 371
67 615
33 382
956 978
307 830
170 276
401 754
286 514
610 944
635 687
701 142
445 963
391 142
729 204
340 544
452 621
342 713
451 305
88 405
918 991
591 979
945 111
30 929
63 379
935 524
310 176
701 308
187 377
637 748
706 599
212 938
97 577
638 95
570 181
434 233
815 108
515 103
221 804
496 583
336 305
337 274
836 537
322 520
545 921
124 253
747 60
416 723
610 692
774 180
207 349
612 251
581 123
358 44
639 382
913 411
767 832
456 623
342 531
277 980
883 737
242 419
150 312
498 569
742 971
448 366
945 96
832 31
766 631
413 501
581 247
489 674
952 739
373 609
461 457
282 422
598 191
85 429
213 344
729 938
397 545
71 213
553 366
311 618
735 713
422 555
756 578
298 568
941 976
601 903
853 542
766 924
603 362
358 802
30 61
717 873
4 289
814 425
762 626
905 570
407 595
302 529
411 289
359 992
302 69
604 267
141 515
750 147
770 379
200 811
348 822
937 278
683 822
114 858
557 785
190 305
779 371
250 807
14 617
897 619
165 136
202 898
919 499
595 732
745 673
245 992
406 223
965 593
268 204
14 423
162 500
510 11
989 940
775 671
902 813
337 134
722 456
434 213
52 80
658 599
364 802
551 14
219 180
39 378
671 41
7 728
926 680
28 867
251 845
982 263
961 692
148 819
96 688
417 102
630 97
23 568
579 411
686 669
525 203
876 518
774 822
965 351
587 459
552 833
241 192
96 152
223 262
624 412
318 523
210 368
525 92
104 72
31 728
870 851
141 339
195 272
419 113
520 187
260 477
76 549
768 979
859 345
53 765
700 963
89 937
475 592
37 166
42 430
225 710
337 908
636 938
900 697
775 688
638 153
412 620
469 920
970 2
435 872
114 817
111 182
265 725
663 656
490 193
67 518
546 592
610 648
634 544
502 625
172 208
12 294
628 256
678 596
46 240
293 570
611 454
370 274
557 457
426 93
318 562
528 327
503 388
965 489
215 158
521 787
660 377
492 462
754 57
165 11
77 804
121 378
965 47
665 808
211 733
495 645
846 151
663 999
960 567
349 909
703 617
944 358
335 662
747 702
145 485
694 987
87 939
606 674
735 783
810 25
386 74
866 535
779 856
996 987
626 872
895 574
617 472
842 937
590 267
556 290
973 716
922 622
481 758
82 409
798 820
944 484
124 764
638 567
418 714
309 350
542 732
848 354
226 284
689 698
321 171
63 142
983 146
986 370
822 675
416 758
879 493
718 831
114 290
960 526
903 358
337 299
248 453
230 757
681 905
235 856
279 773
218 452
73 900
633 149
554 951
132 898
3 538
294 830
941 64
174 619
85 473
358 999
877 653
678 476
590 274
754 694
663 535
886 741
368 690
152 793
101 180
796 84
545 966
286 668
837 256
530 18
549 822
418 709
858 754
597 109
773 227
24 41
334 924
812 626
796 260
961 761
601 996
391 833
124 362
31 375
469 407
897 785
545 337
865 466
527 804
441 763
996 310
65 167
863 506
875 217
895 607
514 26
474 719
455 494
240 848
63 675
403 691
386 393
633 274
542 948
279 694
319 944
434 295
531 175
455 383
296 284
352 489
226 69
867 977
943 410
322 103
45 83
271 759
218 737
348 458
145 330
578 340
248 612
579 744
2 783
837 79
585 190
324 150
39 357
694 366
218 656
865 800
510 626
277 599
168 783
118 408
189 358
944 267
726 55
973 991
162 164
145 926
862 488
475 870
107 915
332 677
627 432
261 239
65 41
88 278
981 107
246 843
345 262
770 58
694 863
372 825
623 538
479 744
101 166
672 531
31 677
985 294
244 108
703 975
718 23
37 20
76 612
19 940
370 137
119 507
478 755
15 2
183 929
672 477
28 806
140 543
251 61
159 427
270 293
845 184
312 366
986 736
847 227
558 953
151 125
372 129
778 652
727 962
837 473
582 729
915 643
254 165
660 680
497 592
21 599
559 773
797 387
897 718
211 913
140 654
770 125
551 684
497 990
678 449
403 123
630 261
482 205
100 620
430 341
585 223
469 611
755 555
844 808
80 171
354 326
906 619
887 287
597 608
928 724
620 506
911 64
585 390
806 158
844 37
455 659
416 452
816 372
173 478
280 371
873 184
467 65
12 694
549 712
481 641
452 125
481 41
511 136
920 951
42 305
839 643
334 659
101 327
708 433
343 411
672 871
413 843
536 898
401 899
110 32
754 393
720 180
96 329
832 938
106 744
892 543
984 808
252 497
986 596
879 994
680 236
989 553
255 886
941 251
652 549
379 56
871 126
258 684
490 151
933 476
240 344
257 222
357 532
886 84
687 853
699 450
160 948
103 748
307 50
383 561
349 54
965 22
154 908
5 986
429 819
618 759
294 898
231 54
68 724
967 1000
839 951
326 325
551 233
36 509
190 975
75 522
635 399
122 637
746 224
124 278
930 823
550 569
844 196
307 527
95 834
245 172
796 665
513 583
321 756
559 743
362 392
859 385
933 906
664 615
60 626
520 353
77 57
280 880
613 658
745 681
984 419
307 524
215 784
194 552
60 409
305 176
225 436
869 446
926 378
985 657
859 821
531 20
736 499
44 901
613 628
946 732
46 565
285 259
569 648
255 928
406 72
611 244
167 366
776 184
155 366
465 135
761 838
335 777
52 30
342 677
306 612
971 192
111 715
718 289
866 502
611 252
188 576
174 469
928 931
273 753
837 445
639 298
90 143
950 244
290 349
809 782
731 910
884 643
258 690
595 336
776 406
945 980
711 580
141 316
492 817
805 789
2 424
936 529
495 168
498 414
609 147
422 248
835 719
490 448
892 548
180 758
200 889
274 677
899 353
114 932
170 25
81 31
779 279
601 75
545 614
801 732
579 967
570 614
537 489
39 927
612 253
101 863
491 762
926 725
553 733
840 705
693 161
531 698
870 377
791 903
117 22
646 25
740 204
425 561
779 501
32 259
729 483
843 717
574 942
5 2
900 489
153 223
482 232
390 33
410 739
360 330
13 176
949 830
329 363
4 987
293 128
132 632
631 283
649 952
407 493
769 480
780 35
393 295
216 382
59 366
767 496
572 377
575 911
816 279
337 831
984 182
66 192
658 508
605 472
553 799
218 391
825 204
493 180
882 670
288 947
631 57
842 358
708 873
68 712
604 906
496 404
165 466
44 882
23 757
265 540
357 896
50 693
214 974
487 968
156 446
75 880
185 349
888 618
775 704
679 410
118 461
634 666
658 23
546 181
412 92
489 169
640 743
569 199
298 794
903 156
635 543
836 756
946 555
839 486
31 481
930 199
469 569
4 712
655 109
189 937
978 677
590 974
870 927
426 216
982 147
410 903
88 483
922 911
815 504
127 375
912 750
185 501
791 806
819 938
302 720
579 197
659 833
775 300
416 47
658 610
970 135
348 535
954 410
536 709
336 382
520 543
5 526
318 828
584 872
188 432
727 143
106 577
936 694
215 428
126 388
749 820
805 215
937 691
989 688
684 808
973 598
518 375
904 163
372 249
302 965
174 435
969 950
824 784
654 527
660 510
399 586
271 385
437 937
133 981
238 884
742 603
117 890
101 403
285 741
949 83
842 191
689 290
165 452
703 649
170 679
7 315
603 934
821 45
480 257
325 857
198 217
197 562
863 951
772 323
849 952
133 828
716 872
816 429
101 72
659 963
356 797
482 871
42 870
245 825
311 860
964 497
86 368
887 628
376 334
376 771
693 714
551 811
588 567
958 54
575 742
302 841
705 607
462 59
118 674
232 781
107 158
657 732
787 847
286 903
125 948
735 431
916 267
965 781
59 871
6 601
686 885
193 650
585 581
168 622
15 805
415 704
841 697
584 434
662 441
634 122
246 283
707 279
104 939
265 963
487 697
343 148
957 718
915 450
437 95
314 548
96 607
684 176
225 394
997 764
814 802
286 710
973 599
89 474
659 274
359 96
608 506
772 104
760 112
226 491
320 754
865 10
835 500
391 964
158 540
50 189
52 742
806 502
597 333
370 734
5 29
214 29
992 968
589 435
304 747
263 725
360 429
324 179
640 921
509 586
661 151
19 580
628 222
646 981
460 261
400 176
726 733
965 891
1 278
393 198
913 539
971 147
202 105
827 61
866 976
479 829
885 858
46 677
174 606
856 369
141 250
532 11
218 60
553 138
811 808
754 829
750 58
611 924
830 272
265 88
375 109
214 959
289 688
912 39
669 781
742 644
520 23
99 375
687 917
817 289
77 744
512 972
103 580
527 292
396 287
658 582
936 487
511 25
277 561
577 459
153 54
616 186
689 969
771 520
896 712
931 99
479 692
92 61
58 576
973 47
924 743
960 679
885 803
601 210
194 717
563 953
533 461
87 748
695 550
56 256
662 831
442 793
114 522
39 139
964 948
708 241
2 871
708 947
475 759
752 733
35 650
183 514
277 713
297 933
189 482
101 949
119 570
600 289
780 938
13 564
676 385
34 68
275 586
56 41
627 690
900 329
442 180
868 883
558 94
779 351
634 893
482 210
157 108
106 121
986 482
397 294
290 301
189 144
313 994
960 702
28 70
211 734
927 587
571 411
309 224
516 264
973 708
832 504
207 480
558 312
905 823
965 564
269 119
128 548
165 481
438 769
844 828
846 119
760 319
390 851
465 741
546 371
985 324
658 290
90 352
492 647
71 653
937 790
455 679
974 685
888 147
101 474
871 287
853 939
929 234
826 54
571 214
630 552
416 523
269 758
867 396
189 221
200 270
174 263
49 192
840 213
338 301
490 409
308 765
162 431
77 432
746 702
131 348
505 684
99 838
775 49
902 350
322 510
429 333
876 341
252 914
401 808
145 627
936 333
555 587
520 577
707 705
281 390
589 668
196 909
924 657
197 340
659 601
492 766
625 684
809 671
293 310
4 610
521 263
228 587
67 888
125 262
82 250
875 804
417 857
931 943
492 525
261 138
495 512
973 355
150 494
869 596
634 494
672 874
360 167
864 266
786 806
529 127
181 626
111 911
644 715
920 340
924 340
996 906
150 898
118 215
502 182
983 668
527 803
214 950
87 872
843 643
57 685
116 489
419 494
228 824
63 308
28 807
412 729
841 136
917 948
992 160
313 465
541 907
589 643
475 679
338 856
211 441
194 702
981 898
639 305
839 819
127 109
805 570
679 383
75 910
495 196
14 799
813 660
427 812
638 601
673 692
282 788
636 741
489 507
766 604
170 963
4 196
498 772
740 795
435 203
228 316
586 430
548 232
73 588
968 572
411 256
257 171
420 289
313 361
97 404
814 949
460 661
869 169
542 833
672 469
782 293
176 486
514 520
16 675
16 1
664 207
841 649
96 401
354 653
298 142
941 455
800 543
935 427
467 64
31 963
584 635
513 267
839 808
678 933
866 349
994 262
563 295
661 996
714 860
995 136
970 629
738 470
96 330
574 229
885 11
8 369
778 349
597 647
503 633
125 49
36 764
418 147
682 241
42 519
923 44
523 483
742 694
780 581
233 880
659 953
695 303
859 395
915 982
438 555
720 398
956 615
460 342
528 618
132 134
249 477
85 532
883 161
674 203
584 610
243 716
646 523
456 107
936 64
978 890
920 578
260 538
686 289
600 536
525 18
874 500
410 977
814 16
497 301
434 789
159 643
715 748
66 504
681 300
849 690
33 220
689 997
619 72
123 175
804 657
604 598
331 323
168 861
297 994
407 908
778 756
357 439
31 544
747 755
721 797
225 621
676 889
553 621
145 1000
241 787
976 714
371 743
337 256
231 156
452 666
842 475
382 272
516 977
919 812
543 504
776 91
960 744
200 203
101 328
835 229
632 169
86 953
897 684
290 690
970 615
221 649
240 707
350 55
668 72
887 372
837 790
229 943
817 886
330 441
714 794
421 435
477 283
153 59
10 901
945 233
945 700
418 187
969 680
290 491
933 461
194 171
350 715
756 918
115 322
6 930
465 332
503 294
368 204
640 339
53 499
678 403
331 464
437 596
886 474
279 733
600 311
79 930
13 417
279 316
893 990
563 314
266 134
33 753
285 512
895 12
282 953
736 395
826 491
684 619
900 568
172 786
101 970
466 826
210 299
481 800
927 257
865 114
490 677
89 323
200 674
865 90
370 536
865 601
703 687
63 337
865 213
64 762
245 536
950 971
765 596
498 65
454 568
797 934
193 88
818 950
766 576
638 661
234 583
290 798
827 972
442 418
832 102
546 812
985 85
421 823
6 320
915 203
937 519
790 163
912 376
722 579
760 626
816 127
559 921
907 392
430 377
432 872
963 748
416 18
271 801
574 991
77 669
190 435
778 704
301 191
229 546
718 871
641 149
75 388
573 499
321 482
589 787
482 554
306 550
933 762
825 993
314 91
481 811
26 44
873 474
212 346
503 784
741 656
242 546
553 943
199 940
238 324
772 719
604 592
115 59
922 681
916 968
67 425
12 222
623 675
490 663
141 841
273 187
211 154
419 910
242 906
80 134
761 368
21 382
246 311
875 526
618 305
51 848
886 206
986 675
456 63
360 74
829 833
573 951
26 132
635 69
992 53
30 466
10 510
783 239
487 738
805 190
492 34
864 576
131 268
747 542
8 887
207 569
79 500
118 849
464 116
820 719
984 303
604 85
401 856
721 195
347 36
185 500
508 10
6 620
150 513
120 512
282 460
600 692
582 179
30 652
503 926
702 773
550 605
58 375
980 353
285 995
438 830
318 139
925 940
13 615
768 522
287 569
398 227
240 371
59 476
205 224
189 763
117 78
63 587
963 694
53 629
766 14
881 78
453 978
679 263
330 531
496 92
888 739
445 962
941 957
23 363
413 718
983 795
656 819
14 535
868 79
291 142
46 128
493 641
618 576
443 91
100 339
620 674
637 617
321 647
801 526
935 436
469 488
933 974
936 499
348 84
826 169
465 198
465 272
836 801
729 663
571 150
584 409
339 614
406 191
775 269
745 790
944 450
357 728
671 113
875 151
70 738
651 710
589 552
309 139
493 158
511 323
97 576
319 129
639 342
50 933
141 578
796 120
925 81
925 668
994 420
820 825
676 211
643 471
610 725
40 800
2 619
285 860
352 423
665 74
609 650
51 822
968 166
53 754
298 292
955 855
260 103
422 58
906 555
607 731
51 679
325 647
327 57
992 561
21 228
505 667
644 572
359 553
687 228
760 397
46 649
926 233
586 457
566 424
769 341
202 510
330 267
994 924
521 276
671 811
527 608
390 598
221 60
791 745
490 972
974 440
174 578
457 369
662 454
645 586
659 383
372 49
211 650
174 822
736 465
13 204
89 171
270 607
490 68
38 523
75 799
774 159
619 890
133 248
646 272
279 564
687 427
673 872
251 139
314 450
804 674
419 337
721 36
574 390
874 420
249 516
248 446
134 49
622 857
480 674
412 987
413 821
810 175
738 704
171 890
37 511
815 383
967 310
482 601
28 685
359 189
568 405
288 770
271 666
119 239
760 999
927 35
800 819
577 151
605 619
967 388
238 474
493 946
829 781
359 921
23 44
40 829
119 870
465 379
852 369
972 414
913 389
397 247
454 488
250 22
687 471
956 407
530 379
923 147
444 739
484 432
423 508
485 404
482 966
859 139
239 952
57 552
645 674
445 998
646 419
193 739
322 19
378 516
723 847
437 322
390 857
370 831
997 410
981 773
265 612
160 548
766 371
537 270
550 431
469 572
422 787
277 569
97 504
225 291
627 236
9 980
635 309
853 374
200 501
585 968
836 376
514 468
218 831
848 256
168 605
812 823
749 707
541 366
445 57
92 671
467 20
218 390
997 971
53 564
36 476
664 402
385 204
657 149
316 669
478 628
668 23
579 1
140 478
268 905
413 683
585 810
512 198
141 380
99 713
627 92
402 978
942 808
300 958
563 232
709 393
803 259
879 569
697 626
534 657
370 910
976 829
367 918
775 217
407 276
449 266
642 425
786 758
28 833
639 759
783 169
7 729
827 67
287 583
884 461
632 414
636 473
524 852
686 703
466 268
319 946
46 862
413 894
895 558
969 483
804 591
641 244
862 971
361 459
631 559
687 229
600 758
642 826
982 831
442 898
374 812
145 47
255 476
383 220
75 753
198 109
151 586
261 459
997 550
597 33
600 304
29 362
251 755
838 341
895 780
588 223
492 336
862 656
849 940
922 784
334 457
923 572
708 927
360 25
769 741
71 325
454 943
200 418
646 65
567 803
45 251
446 171
150 136
604 110
696 247
623 548
140 145
895 481
574 679
114 564
61 592
225 543
741 222
409 157
413 801
941 545
521 790
879 990
825 147
320 538
94 93
96 300
351 507
226 205
796 193
172 734
429 1000
133 378
269 127
401 260
148 429
367 283
936 48
334 543
813 461
248 476
943 340
836 463
524 305
806 926
306 719
37 372
717 903
395 198
611 742
336 25
524 716
104 688
361 831
378 25
174 480
969 602
269 801
715 753
881 134
169 602
221 104
87 819
336 798
740 719
687 383
582 83
485 980
881 953
125 20
256 617
956 807
352 104
885 178
997 552
155 669
482 743
853 409
636 543
620 500
31 136
911 569
93 276
989 607
976 733
231 598
351 113
995 872
635 170
174 538
963 60
411 491
638 165
903 667
988 665
681 409
4 61
386 730
668 196
724 25
672 15
885 55
379 623
449 790
714 83
586 773
346 969
492 88
729 450
646 194
331 291
903 415
775 490
779 88
836 578
180 987
124 198
159 266
640 988
788 474
203 650
287 757
844 801
836 653
189 851
579 311
260 316
102 191
399 32
621 507
490 728
397 295
909 393
21 358
258 888
761 648
885 871
925 401
836 684
162 100
212 720
