0111111111111111111111111111111111111111111111111111111111111111111111111111101101111111111111111111111101111111101111111111111111111101111111111111110111111111111111110111111111111
0101111111111111111111111111111101111111110111111111111111111111111111111101101101111110111101111101111101111110100111111111111111101001111011011111110111111111111111110111110010111
0010000000000000000000000000000010000000001000000000000000000000000000000010000000000001000010000010000000000001001000000000000000010100000100100000000000000000000000000000001101000
0111111111111111111111111111111111111111111111111111111111111111111111111111101111111111111111111111111111111111101111111111111111111111111111111111110111111111111111111111111111111
0000000000000000000000000000000000000000000000000000000000000000000000000000000010000000000000000000000010000000000000000000000000000010000000000000000000000000000000001000000000000
0111111111111111111111111111111111111111111111111111111111111111111111111111111111111111111111111111111111111111101111111111111111111111111111111111110111111111111111111111111111111
0111111111111111111111111111111111111111111111111111111111111111111111111111111111111111111111111111111111111111111111111111111111111111111111111111110111111111111111111111111111111
0000000000000000000000000000000000000000000000000000000000000000000000000000000010000000000000000000000000000000000000000000000000000000000000000000000000000000000000001000000000000
0000000000000000000000000000000000000000000000000000000000000000000000000000000000000000000000000000000010000000000000000000000000000010000000000000000000000000000000000000000000000
0101111111111111111111111111111101111111110111111111011111111111111111111101101101111110111101111101111101111110100111111111111111101001111011011111110111111111111111110111110010111
0101111111111111111111111111111101111111110111111111011111111111111111111101101101111110111101110101111101111110100111111111111111101001111011011111110111111111111111110111110010111
0101111111111111111111111111111101111111110111111111011111111111011111101101101101111110111101110101111101111110100111111111111111101001111011011111110111110111110111110111110010111
0000000000000000000000000000000000000000000000000000000000000000100000010000000000000000000000000000000000000000000000000000000000000000000000000000000000001000001000000000000000000
0100110111111111111111101111111101011111110111111111011111111111011110101101101101111010111101110101111101111110000111111111111111101001011011011111110111110111110111110111110010111
0001001000000000000000010000000000100000000000000000000000000000000001000000000000000100000000000000000000000000100000000000000000000000100000000000000000000000000000000000000000000
0100110111111111111111101111111101011111110111111111011111111111011110101101101101111010111101110101111101111110000011111111111011101001011011011111110111110111110111110111110010111
0000000000000000000000000000000000000000000000000000000000000000000000000000000000000000000000000000000000000000000100000000000100000000000000000000000000000000000000000000000000000
0100110111111111111111101111111101011011110111111111011111111111011110101101101101111010111101110101111101111110000011111111111011101001011011011111110111110111110111110111110010111
0100110111111111111111101111111101011011110111111111011111111111011110101101101101111010111101110101111101111110000010111111111011101001011011011111110111110111110111110111110010111
0100110111110111111111101111111101011011110111111111011111111111011110101101101101111010111101110101111101111110000010111111111011101001011011011111110111110111110111110111110010111
0100110111110111111111101111101101011011110111111111011111111111011110101101101101111010111101110101111101111110000010111111111011101001011011011111110111110111110111110111110010111
0100110111110111111111101111101101011011110111111111011111111111011110101101101101111010111101110101111101111110000010011111111011101001011011011111110111110111110111110111110010111
0100110110110110111011101011100101011000100110111111010111111111011110100101101101111010111101110101111100111010000010011111111011101001011011011111110111110111110111110011110010111
0000000001000001000100000100001000000011010001000000001000000000000000001000000000000000000000000000000001000100000000000000000000000000000000000000000000000000000000000100000000000
0100010110000000110011101011000000001000100100000010000001110111011110100101100101000000100100000100011100100010000000001110011000001000001010010110100011010011110001010011010000101
0000100000110110001000000000100101010000000010111101010110001000000000000000001000111010011001110001100000011000000010010001100011100001010001001001010100100100000110100000100010010
0100010100000000110010101011000000001000100100000010000001110111011110100101100101000000100100000100011100100010000000001110011000001000001010010110100011010011110001010011010000101
0000000010000000000001000000000000000000000000000000000000000000000000000000000000000000000000000000000000000000000000000000000000000000000000000000000000000000000000000000000000000
0100010100000000110010101011000000001000100100000010000001110111011110100101100101000000100100000100011100100010000000001110011000001000001010010110100011000011110001010011010000101
0100010100000000110010101011000000001000100100000010000001110111011110100001100101000000100100000100011100100010000000001110011000001000001010010110100011000011110001010011010000101
0100010100000000110010101011000000001000100000000010000001110111011110100001100101000000100100000100011100100010000000001110011000001000001010010110100011000011110001010011010000101
0100010100000000110010101011000000001000100000000010000001110111011110100001100101000000100100000100011100100010000000001110011000001000001010000110100011000011110001010011010000101
0100010100000000110010101011000000001000100000000010000001110111011110100000100101000000100100000100011100100010000000001110011000001000001010000110100011000011110001010011010000101
0100010100000000110010101011000000001000100000000010000001110111011100100000100101000000100100000100011100100010000000001110011000001000001010000010100011000011110001000011000000001
0000000000000000000000000000000000000000000000000000000000000000000010000000000000000000000000000000000000000000000000000000000000000000000000000100000000000000000000010000010000100
0100010100000000010010101001000000001000000000000010000001100111011100100000100101000000100100000100011100100010000000001110011000001000001010000010100010000011010001000011000000001
0000000000000000100000000010000000000000100000000000000000010000000000000000000000000000000000000000000000000000000000000000000000000000000000000000000001000000100000000000000000000
0100000100000000010010101001000000001000000000000010000001100111011100100000100101000000100100000100011100100010000000001110011000001000001010000010100010000011010001000011000000001
0100000100000000010010101001000000001000000000000010000001000110000100000000000100000000000100000000011100000010000000001010011000000000001010000010000010000000000001000000000000001
0000000000000000000000000000000000000000000000000000000000100001011000100000100001000000100000000100000000100000000000000100000000001000000000000000100000000011010000000011000000000
0100000000000000010010101001000000001000000000000010000001000110000100000000000100000000000100000000011100000010000000001010011000000000001010000010000010000000000001000000000000001
0100000000000000010010101001000000001000000000000010000001000110000100000000000000000000000100000000011100000010000000001010011000000000000010000010000010000000000001000000000000000
0000000000000000000000000000000000000000000000000000000000000000000000000000000100000000000000000000000000000000000000000000000000000000001000000000000000000000000000000000000000001
0100000000000000000000000000000000001000000000000000000000000100000000000000000000000000000000000000000100000010000000000000000000000000000010000010000010000000000000000000000000000
0000000000000000010010101001000000000000000000000010000001000010000100000000000000000000000100000000011000000000000000001010011000000000000000000000000000000000000001000000000000000
0100000000000000000000000000000000001000000000000000000000000100000000000000000000000000000000000000000000000010000000000000000000000000000000000010000010000000000000000000000000000
0000000000000000000000000000000000000000000000000000000000000000000000000000000000000000000000000000000100000000000000000000000000000000000010000000000000000000000000000000000000000
0100000000000000000000000000000000001000000000000000000000000100000000000000000000000000000000000000000000000000000000000000000000000000000000000010000000000000000000000000000000000
0000000000000000000000000000000000000000000000000000000000000000000000000000000000000000000000000000000000000010000000000000000000000000000000000000000010000000000000000000000000000
0100000000000000000000000000000000001000000000000000000000000100000000000000000000000000000000000000000000000000000000000000000000000000000000000000000000000000000000000000000000000
0100000000000000000000000000000000001000000000000000000000000000000000000000000000000000000000000000000000000000000000000000000000000000000000000000000000000000000000000000000000000
0000000000000000010010101001000000000000000000000010000000000010000100000000000000000000000100000000011000000000000000001010011000000000000000000000000000000000000001000000000000000
0000000000000000010010101001000000000000000000000010000000000010000100000000000000000000000100000000011000000000000000001010011000000000000000000000000000000000000000000000000000000
0000000000000000010010001001000000000000000000000010000000000010000100000000000000000000000100000000011000000000000000001010011000000000000000000000000000000000000000000000000000000
0000000000000000010010001001000000000000000000000010000000000010000100000000000000000000000000000000000000000000000000001010001000000000000000000000000000000000000000000000000000000
0000000000000000000000000000000000000000000000000000000000000000000000000000000000000000000100000000011000000000000000000000010000000000000000000000000000000000000000000000000000000
0000000000000000010010001000000000000000000000000010000000000000000100000000000000000000000000000000000000000000000000000010001000000000000000000000000000000000000000000000000000000
0000000000000000000000000001000000000000000000000000000000000010000000000000000000000000000000000000000000000000000000001000000000000000000000000000000000000000000000000000000000000
0000000000000000010010001000000000000000000000000000000000000000000100000000000000000000000000000000000000000000000000000010001000000000000000000000000000000000000000000000000000000
0000000000000000010010000000000000000000000000000000000000000000000100000000000000000000000000000000000000000000000000000010001000000000000000000000000000000000000000000000000000000
0000000000000000010010000000000000000000000000000000000000000000000100000000000000000000000000000000000000000000000000000010000000000000000000000000000000000000000000000000000000000
0000000000000000010010000000000000000000000000000000000000000000000100000000000000000000000000000000000000000000000000000000000000000000000000000000000000000000000000000000000000000
0000000000000000010010000000000000000000000000000000000000000000000000000000000000000000000000000000000000000000000000000000000000000000000000000000000000000000000000000000000000000
0000000000000000000000000001000000000000000000000000000000000010000000000000000000000000000000000000000000000000000000000000000000000000000000000000000000000000000000000000000000000
0000000000000000000000000000000000000000000000000000000000000000000000000000000000000000000100000000010000000000000000000000010000000000000000000000000000000000000000000000000000000
0000000000000000000000000000000000000000000000000000000000000000000000000000000000000000000000000000010000000000000000000000010000000000000000000000000000000000000000000000000000000
0000000000000000000000000000000000000000000000000000000000000000000000000000000100000000000000000000000000000000000000000000000000000000001000000000000000000000000000000000000000000
0000000000000000000000000000000000000000000000000000000000100001011000100000100001000000100000000000000000100000000000000100000000001000000000000000100000000011010000000011000000000
0000000000000000000000000000000000000000000000000000000000100001011000100000100001000000100000000000000000100000000000000100000000000000000000000000100000000011010000000011000000000
0000000000000000000000000000000000000000000000000000000000100001011000100000100001000000100000000000000000100000000000000100000000000000000000000000000000000011010000000011000000000
0000000000000000000000000000000000000000000000000000000000100001011000100000100001000000100000000000000000000000000000000100000000000000000000000000000000000011010000000011000000000
0000000000000000000000000000000000000000000000000000000000100001001000100000100001000000100000000000000000000000000000000100000000000000000000000000000000000011010000000011000000000
0000000000000000000000000000000000000000000000000000000000100001000000100000100001000000100000000000000000000000000000000100000000000000000000000000000000000011010000000011000000000
0000000000000000000000000000000000000000000000000000000000100000000000100000100001000000100000000000000000000000000000000100000000000000000000000000000000000011010000000011000000000
0000000000000000000000000000000000000000000000000000000000100000000000100000100001000000000000000000000000000000000000000100000000000000000000000000000000000011010000000011000000000
0000000000000000000000000000000000000000000000000000000000100000000000000000000001000000000000000000000000000000000000000100000000000000000000000000000000000011010000000001000000000
0000000000000000000000000000000000000000000000000000000000000000000000100000100000000000000000000000000000000000000000000000000000000000000000000000000000000000000000000010000000000
0000000000000000000000000000000000000000000000000000000000100000000000000000000001000000000000000000000000000000000000000000000000000000000000000000000000000011010000000001000000000
0000000000000000000000000000000000000000000000000000000000100000000000000000000000000000000000000000000000000000000000000000000000000000000000000000000000000011010000000001000000000
0000000000000000000000000000000000000000000000000000000000100000000000000000000000000000000000000000000000000000000000000000000000000000000000000000000000000000000000000001000000000
0000000000000000000000000000000000000000000000000000000000000000000000000000000000000000000000000000000000000000000000000000000000000000000000000000000000000011010000000000000000000
0000000000000000000000000000000000000000000000000000000000000000000000000000000000000000000000000000000000000000000000000000000000000000000000000000000000000001010000000000000000000
0000000000000000000000000000000000000000000000000000000000000000000000100000000000000000000000000000000000000000000000000000000000000000000000000000000000000000000000000010000000000
0000000000000000100000000010000000000000100000000000000000010000000000000000000000000000000000000000000000000000000000000000000000000000000000000000000001000000000000000000000000000
0000000000000000100000000000000000000000100000000000000000010000000000000000000000000000000000000000000000000000000000000000000000000000000000000000000001000000000000000000000000000
0000000000000000100000000000000000000000000000000000000000000000000000000000000000000000000000000000000000000000000000000000000000000000000000000000000001000000000000000000000000000
0000000000000000000000000000000000000000100000000000000000010000000000000000000000000000000000000000000000000000000000000000000000000000000000000000000000000000000000000000000000000
0000000000000000000000000000000000000000000000000000000000000000000000000000000000000000000000000000000000000000000000000000000000000000000000000100000000000000000000010000010000100
0000000000000000000000000000000000000000000000000000000000000000000000000000000000000000000000000000000000000000000000000000000000000000000000000000000000000000000000010000010000100
0000000000000000000000000000000000000000000000000000000000000000000000000000000000000000000000000000000000000000000000000000000000000000000000000000000000000000000000000000010000100
0000100000110110001000000000100101010000000010111101010110001000000000000000001000111010011001110001100000011000000010010001100011000001010001001001010100100100000110100000000010010
0000000000000000000000000000000000000000000000000000000000000000000000000000000000000000000000000000000000000000000000000000000000100000000000000000000000000000000000000000100000000
0000100000010110001000000000100101010000000010111101010110001000000000000000001000111010011001110001100000011000000010010001100011000001010001001001010100100100000110100000000010010
0000100000010110001000000000100101010000000010111101010110001000000000000000001000111010011001110001100000011000000010010001100011000001010001001001010100100100000110100000000000010
0000100000010110001000000000100101010000000010111101010110001000000000000000001000111010011001110001100000011000000010010001100001000001010001001001010100100100000110100000000000010
0000100000010110001000000000100101010000000010111101010110001000000000000000001000111010011001110001100000011000000010010001100001000001010001001001010100100100000100100000000000010
0000100000010110001000000000100101010000000010111101010110001000000000000000001000111010011001110001100000001000000010010001100001000001010001001001010100100100000100100000000000010
0000100000010110001000000000100101010000000010111001010110001000000000000000001000111010011001110001100000001000000010010001100000000001010001001001010100100000000100000000000000010
0000000000000000000000000000000000000000000000000100000000000000000000000000000000000000000000000000000000000000000000000000000001000000000000000000000000000100000000100000000000000
0000100000010110001000000000000101000000000010111001010110001000000000000000001000111010011001110001100000001000000010010001100000000001010001001001010100100000000100000000000000010
0000000000000000000000000000100000010000000000000000000000000000000000000000000000000000000000000000000000000000000000000000000000000000000000000000000000000000000000000000000000000
0000100000010110001000000000000101000000000010110001010110001000000000000000001000111010001001100001100000001000000010010001100000000001010000001000010100100000000100000000000000010
0000000000000000000000000000000000000000000000001000000000000000000000000000000000000000010000010000000000000000000000000000000000000000000001000001000000000000000000000000000000000
0000100000010110001000000000000101000000000010110001010110001000000000000000001000111010001001100001100000001000000000010001100000000000010000001000010100100000000100000000000000000
0000000000000000000000000000000000000000000000000000000000000000000000000000000000000000000000000000000000000000000010000000000000000001000000000000000000000000000000000000000000010
0000100000010110001000000000000101000000000010110001010110001000000000000000001000101010001001100001100000001000000000010001100000000000010000001000010100100000000100000000000000000
0000100000000110000000000000000101000000000010010000010110001000000000000000001000001010001001000001000000000000000000010001100000000000000000001000010000000000000100000000000000000
0000000000010000001000000000000000000000000000100001000000000000000000000000000000100000000000100000100000001000000000000000000000000000010000000000000100100000000000000000000000000
0000100000000110000000000000000101000000000010010000010110001000000000000000001000001010001001000001000000000000000000010001000000000000000000001000010000000000000100000000000000000
0000100000000110000000000000000101000000000010010000010110001000000000000000001000001010001001000001000000000000000000010000000000000000000000001000010000000000000100000000000000000
0000100000000110000000000000000101000000000010010000010110001000000000000000000000001000001001000001000000000000000000010000000000000000000000001000010000000000000100000000000000000
0000000000000000000000000000000000000000000000000000000000000000000000000000001000000010000000000000000000000000000000000000000000000000000000000000000000000000000000000000000000000
0000100000000110000000000000000101000000000010010000010110001000000000000000000000001000001001000001000000000000000000000000000000000000000000001000010000000000000100000000000000000
0000100000000010000000000000000101000000000010010000010110001000000000000000000000001000001001000001000000000000000000000000000000000000000000001000010000000000000100000000000000000
0000100000000010000000000000000101000000000010010000000110001000000000000000000000001000001001000001000000000000000000000000000000000000000000001000010000000000000100000000000000000
0000100000000010000000000000000101000000000000010000000110001000000000000000000000001000001001000001000000000000000000000000000000000000000000001000010000000000000100000000000000000
0000100000000010000000000000000101000000000000010000000110000000000000000000000000001000001001000001000000000000000000000000000000000000000000001000010000000000000100000000000000000
0000100000000010000000000000000101000000000000010000000110000000000000000000000000001000001001000001000000000000000000000000000000000000000000001000000000000000000000000000000000000
0000000000000000000000000000000000000000000000000000000000000000000000000000000000000000000000000000000000000000000000000000000000000000000000000000010000000000000100000000000000000
0000100000000000000000000000000000000000000000000000000000000000000000000000000000000000000000000000000000000000000000000000000000000000000000001000000000000000000000000000000000000
0000000000000010000000000000000101000000000000010000000110000000000000000000000000001000001001000001000000000000000000000000000000000000000000000000000000000000000000000000000000000
0000000000000010000000000000000101000000000000010000000110000000000000000000000000001000001000000001000000000000000000000000000000000000000000000000000000000000000000000000000000000
0000000000000010000000000000000100000000000000010000000100000000000000000000000000000000001000000001000000000000000000000000000000000000000000000000000000000000000000000000000000000
0000000000000000000000000000000001000000000000000000000010000000000000000000000000001000000000000000000000000000000000000000000000000000000000000000000000000000000000000000000000000
0000000000000010000000000000000100000000000000000000000100000000000000000000000000000000001000000001000000000000000000000000000000000000000000000000000000000000000000000000000000000
0000000000000010000000000000000000000000000000000000000100000000000000000000000000000000001000000001000000000000000000000000000000000000000000000000000000000000000000000000000000000
0000000000000010000000000000000000000000000000000000000100000000000000000000000000000000000000000000000000000000000000000000000000000000000000000000000000000000000000000000000000000
0000000000000000000000000000000000000000000000000000000000000000000000000000000000000000001000000001000000000000000000000000000000000000000000000000000000000000000000000000000000000
0000000000000000000000000000000001000000000000000000000000000000000000000000000000001000000000000000000000000000000000000000000000000000000000000000000000000000000000000000000000000
0000000000010000001000000000000000000000000000100001000000000000000000000000000000100000000000100000100000000000000000000000000000000000010000000000000100100000000000000000000000000
0000000000010000001000000000000000000000000000100001000000000000000000000000000000100000000000100000100000000000000000000000000000000000000000000000000000100000000000000000000000000
0000000000000000000000000000000000000000000000000000000000000000000000000000000000000000000000000000000000000000000000000000000000000000010000000000000100000000000000000000000000000
0000000000010000000000000000000000000000000000100001000000000000000000000000000000100000000000100000100000000000000000000000000000000000000000000000000000100000000000000000000000000
0000000000010000000000000000000000000000000000100000000000000000000000000000000000000000000000100000000000000000000000000000000000000000000000000000000000000000000000000000000000000
0000000000000000000000000000000000000000000000000001000000000000000000000000000000100000000000000000100000000000000000000000000000000000000000000000000000100000000000000000000000000
0000000000010000000000000000000000000000000000100000000000000000000000000000000000000000000000000000000000000000000000000000000000000000000000000000000000000000000000000000000000000
0000000000000000000000000000000000000000000000000000000000000000000000000000000000100000000000000000100000000000000000000000000000000000000000000000000000100000000000000000000000000
0000000000000000000000000000000000000000000000000000000000000000000000000000000000000000000000000000100000000000000000000000000000000000000000000000000000100000000000000000000000000
0000000000000000000000000000000000000000000000000000000000000000000000000000000000000000000000000000000000000000000000000000000000000001000000000000000000000000000000000000000000010
0000000000000000000000000000000000000000000000001000000000000000000000000000000000000000010000010000000000000000000000000000000000000000000001000000000000000000000000000000000000000
0000000000000000000000000000000000000000000000001000000000000000000000000000000000000000000000010000000000000000000000000000000000000000000000000000000000000000000000000000000000000
0000000000000000000000000000000000000000000000000000000000000000000000000000000000000000010000000000000000000000000000000000000000000000000001000000000000000000000000000000000000000
0000000000000000000000000000000000000000000000000000000000000000000000000000000000000000000000000000000000000000000000000000000001000000000000000000000000000100000000100000000000000
0000000000000000000000000000000000000000000000000000000000000000000000000000000000000000000000000000000000000000000000000000000000000000000000000000000000000100000000100000000000000
0000000001000001000100000100001000000011010001000000001000000000000000001000000000000000000000000000000000000100000000000000000000000000000000000000000000000000000000000000000000000
0000000000000000000000000000000000000000000000000000000000000000000000000000000000000000000000000000000001000000000000000000000000000000000000000000000000000000000000000100000000000
0000000001000001000100000000001000000001010001000000001000000000000000001000000000000000000000000000000000000000000000000000000000000000000000000000000000000000000000000000000000000
0000000000000000000000000100000000000010000000000000000000000000000000000000000000000000000000000000000000000100000000000000000000000000000000000000000000000000000000000000000000000
0000000001000001000100000000000000000001000001000000001000000000000000001000000000000000000000000000000000000000000000000000000000000000000000000000000000000000000000000000000000000
0000000000000000000000000000001000000000010000000000000000000000000000000000000000000000000000000000000000000000000000000000000000000000000000000000000000000000000000000000000000000
0000000001000001000000000000000000000001000000000000001000000000000000000000000000000000000000000000000000000000000000000000000000000000000000000000000000000000000000000000000000000
0000000000000000000100000000000000000000000001000000000000000000000000001000000000000000000000000000000000000000000000000000000000000000000000000000000000000000000000000000000000000
0000000001000000000000000000000000000001000000000000001000000000000000000000000000000000000000000000000000000000000000000000000000000000000000000000000000000000000000000000000000000
0000000000000000000000000000000000000001000000000000001000000000000000000000000000000000000000000000000000000000000000000000000000000000000000000000000000000000000000000000000000000
0000000000000000000100000000000000000000000000000000000000000000000000001000000000000000000000000000000000000000000000000000000000000000000000000000000000000000000000000000000000000
0000000000000000000000000000000000000010000000000000000000000000000000000000000000000000000000000000000000000100000000000000000000000000000000000000000000000000000000000000000000000
0001000000000000000000010000000000100000000000000000000000000000000001000000000000000100000000000000000000000000100000000000000000000000100000000000000000000000000000000000000000000
0001000000000000000000000000000000000000000000000000000000000000000000000000000000000100000000000000000000000000000000000000000000000000000000000000000000000000000000000000000000000
0000000000000000000000010000000000100000000000000000000000000000000001000000000000000000000000000000000000000000100000000000000000000000100000000000000000000000000000000000000000000
0000000000000000000000010000000000000000000000000000000000000000000001000000000000000000000000000000000000000000000000000000000000000000000000000000000000000000000000000000000000000
0000000000000000000000000000000000100000000000000000000000000000000000000000000000000000000000000000000000000000100000000000000000000000100000000000000000000000000000000000000000000
0000000000000000000000000000000000100000000000000000000000000000000000000000000000000000000000000000000000000000100000000000000000000000000000000000000000000000000000000000000000000
0000000000000000000000000000000000000000000000000000000000000000100000010000000000000000000000000000000000000000000000000000000000000000000000000000000000001000000000000000000000000
0000000000000000000000000000000000000000000000000000000000000000000000010000000000000000000000000000000000000000000000000000000000000000000000000000000000001000000000000000000000000
0010000000000000000000000000000000000000001000000000000000000000000000000000000000000000000010000000000000000001000000000000000000000000000100000000000000000000000000000000000001000
0000000000000000000000000000000010000000000000000000000000000000000000000010000000000001000000000010000000000000001000000000000000010100000000100000000000000000000000000000001100000
0010000000000000000000000000000000000000001000000000000000000000000000000000000000000000000010000000000000000001000000000000000000000000000100000000000000000000000000000000000000000
0010000000000000000000000000000000000000001000000000000000000000000000000000000000000000000000000000000000000001000000000000000000000000000000000000000000000000000000000000000000000
0000000000000000000000000000000000000000000000000000000000000000000000000000000000000000000010000000000000000000000000000000000000000000000100000000000000000000000000000000000000000
0010000000000000000000000000000000000000001000000000000000000000000000000000000000000000000000000000000000000000000000000000000000000000000000000000000000000000000000000000000000000
0000000000000000000000000000000010000000000000000000000000000000000000000000000000000001000000000010000000000000001000000000000000010000000000100000000000000000000000000000000100000
0000000000000000000000000000000000000000000000000000000000000000000000000010000000000000000000000000000000000000000000000000000000000100000000000000000000000000000000000000001000000
0000000000000000000000000000000000000000000000000000000000000000000000000000000000000001000000000010000000000000001000000000000000010000000000100000000000000000000000000000000100000
0000000000000000000000000000000000000000000000000000000000000000000000000000000000000001000000000010000000000000000000000000000000010000000000100000000000000000000000000000000100000
0000000000000000000000000000000000000000000000000000000000000000000000000000000000000001000000000010000000000000000000000000000000010000000000100000000000000000000000000000000000000
0000000000000000000000000000000000000000000000000000000000000000000000000000000000000000000000000010000000000000000000000000000000010000000000100000000000000000000000000000000000000
0000000000000000000000000000000000000000000000000000000000000000000000000000000000000000000000000010000000000000000000000000000000010000000000000000000000000000000000000000000000000
0000000000000000000000000000000000000000000000000000000000000000000000000000000000000000000000000000000000000000000000000000000000000100000000000000000000000000000000000000001000000