0.0 0.5662368112543963 0.6283704572098476 0.6354044548651817 0.6072684642438453 0.6459554513481829 0.30011723329425555 0.46658851113716293 0.5779601406799532 0.6154747948417351
0.5662368112543963 0.0 0.6107854630715123 0.4794841735052755 0.32708089097303633 0.5017584994138335 0.47479484173505276 0.33177022274325907 0.511137162954279 0.5779601406799532
0.6283704572098476 0.6107854630715123 0.0 0.6776084407971864 0.6740914419695193 0.6928487690504103 0.5732708089097304 0.4912075029308324 0.32590855803048063 0.4771395076201641
0.6354044548651817 0.4794841735052755 0.6776084407971864 0.0 0.30128956623681125 0.44314185228604924 0.6096131301289566 0.5791324736225087 0.634232121922626 0.6635404454865181
0.6072684642438453 0.32708089097303633 0.6740914419695193 0.30128956623681125 0.0 0.3118405627198124 0.567409144196952 0.4935521688159437 0.6002344665885111 0.6260257913247362
0.6459554513481829 0.5017584994138335 0.6928487690504103 0.44314185228604924 0.3118405627198124 0.0 0.6201641266119577 0.5990621336459554 0.64947245017585 0.6682297772567409
0.30011723329425555 0.47479484173505276 0.5732708089097304 0.6096131301289566 0.567409144196952 0.6201641266119577 0.0 0.2966002344665885 0.47010550996483 0.552168815943728
0.46658851113716293 0.33177022274325907 0.4912075029308324 0.5791324736225087 0.4935521688159437 0.5990621336459554 0.2966002344665885 0.0 0.324736225087925 0.4642438452520516
0.5779601406799532 0.511137162954279 0.32590855803048063 0.634232121922626 0.6002344665885111 0.64947245017585 0.47010550996483 0.324736225087925 0.0 0.3071512309495897
0.6154747948417351 0.5779601406799532 0.4771395076201641 0.6635404454865181 0.6260257913247362 0.6682297772567409 0.552168815943728 0.4642438452520516 0.3071512309495897 0.0
