537.04558632
638.09326632
739.14094632
852.22500632
951.29341632
1114.35674632
1277.42007632
1374.47283632
1475.52051632
1612.57942632
1741.62201632
1897.72312632
1996.79153632
2133.85044632
2204.88755632
2307.89674632
2493.97605632
2625.01654632
2726.06422632
2839.14828632
2952.23234632
3039.26437632
3225.34368632
3362.40259632
3493.44308632
3596.45227632
3711.47921632
3825.52214632
3981.62325632
4137.72436632
4194.74582632
4357.80915632
4470.89321632
4585.92015632
4699.00421632
4796.05697632
4924.11555632
5110.19486632
5209.26327632
5306.31603632
5393.34806632
5464.38517632
5601.44408632
5729.50266632
5786.52412632
5901.55106632
5998.60382632
6154.70493632
6255.75261632
6386.79310632
6443.81456632
6500.83602632
6628.93098632
6699.96809632
6801.01577632
6948.08418632
7061.16824632
7148.20027632
7247.26868632
7304.29014632
7407.29933632
7520.38339632
7619.45180632
7676.47326632
7839.53659632
7968.57918632
8083.60612632
8154.64323632
8317.70656632
8454.76547632
8567.84953632
8695.94449632
8810.97143632
8958.03984632
9059.08752632
9206.15593632
9319.23999632
9416.29275632
9572.39386632
9728.49497632
9841.57903632
9954.66309632
10067.7471563
10195.8057363
10296.8534163
10395.9218263
10524.9644163
10611.9964463
10798.0757563
10945.1441663
11082.2030763
11195.2871363
11292.3398963
