001010101001111110111111011110010101101111111010111011111011000111111111100010011100011111
111111111111111111111111111111111111111111111111111111111111111110111111111111111111101111
000000000001000000001000000000000000000000000000000000000000000000000000000000000000001000
111111111111111111011111111111111111111111111101111111111111111111111111111111111111111111
000000001001001000111000000000000000000011110010100000000010000110001010100000000000001000
111111111111111111111111111111111111111111001111011111111101111111111101111111111111111111
000000001001001000111000000000000000000111110010100000000010000110001110100000000000001010
001010101001111110111111011110010101001111111010111011111011000110111111100010011100001111
000000000000000000000000000000000010000000000100000000000000000000000000000000100000000000
101111111101111111111111111111110111111111111110111111111111111111111111101111111111111111
011010011011110011110101100111110000110011001010110111110101000001000001100001001101010101
000101000000000000000000100001000000000000000000000100000000101000000000001101000001100000
000000001001000000001000000000000000000000110000100000000010000000001010000000000000001000
111111110110110111000111111111111111111000001101011111111101111001110101011111111111110111
111111111111111111111111111111111111111101111111111111111111111011111111111111111111111111
110111111111111011111111111111111111111111111111110111111110111111111111111111111111111111
001010101001111110111111011110010101001111111010111011111011000111111111100010011100011111
111111011111111101111111111111111111111111111111111111111111111111111111111111111011111111
000000000000100000000101000000000000000000000000000010000000000000000001000000000000000000
101111111101111111111111111111110111111111111110111111111111101111111111101111111111111111
111101110110010111000000100011101011110000000101001100010101111001000000011101101111110000
000000001001000000001000000000000000000010110000100000000010000100001010000000000000001000
000000001001101000111101000000000000000111110010100010000010000110001111100000000000001010
111111111111110111011111111111111111111111111101111111111111111111111111111111111111111111
000000000000000001000000000000100000000000000000000000000100000000000000000000000000000000
111101110110010111000000110111111011110000001101001101010101111001100000011101101111110001
111101111111111111111111111111111011111111111111111111111111111111111111111111111111111111
111111111110111111110111111111111111111111111111111111111111111111111111111111111111111111
000000000000000000000000000000000000000001000000000000000000000000000000100000000000000000
010000000010000000000000000000001000010000000001000000000000010000000000010000000000000000
000000000000000000000010000000000000000000000000000000001000000000000000000000000000000000
110111111111101011111111111101111111111111111111110111101110111111111111111111111111111111
000000000000000000000010000000000000000000000000010000101000000000000000000010000000000000
000000000000000000000000100000000000000000000000000000000000000000000000000001000000000000
111111011111111101111111111111111110111111111111111111111111111111111111111111111011111111
111111111011111110111111111111011101111111111011111111111011111111111111111111011101111111
111111111111110111011111111111111111111110111101111111111111111101111111011111111111111111
011010111111111111111111011110111111111111111111111011111111010111111111110010111110011111
000000000000000000000000000000000000000000010000100000000010000000000000000000000000000000
000000000000000000000010001000000000000000000000010000101000000000010000000010000000000000
000000000000000000000000000001000000000000000000000000000000000000000000000000000001000000
111101110110010111000000110111101011110000000101001100010101111001000000011101101111110001
000000000000000000000000000000000000001000000000000000000000000000000000000000010000000000
000101000000000000000000000000000000000000000000000100000000101000000000000000000000100000
110111111111111111111111111111111111111111111111110111111110111111111111111111111111111111
111111111111110111001111111111111111111110111101111111111111111101111111011111111111111111
000000000000000000000000100001000000000000000000000000000000000000000000000001000001000000
010000000010000000000000000000000000000000000001000000000000000000000000010000000000000000
000010000000000000000010001000000100001000000000010000101000000000010000000010010000000000
000000000000000001000000000000000000000000000000000000000100000000000000000000000000000000
101111111101111111111111111111111111111111111111111111111111111111111111111111111111111111
000001000000000000000000000000000000000000000000000100000000101000000000000000000000000000
010000000010000000000000000000000000000000000000000000000000000000000000010000000000000000
111101010110010101000000100011101010110000000101001100010101111001000000011101100011110000
000101000000000000000000000000000000000000000000000100000000101000000000000000000000000000
000010001001101000111111011000010100001111111010110011101010000110111111100010010000001111
111111110110111111110111111111111111111111001111011111111101111111111101111111111111110111
000000000000001000100000000000000000000000000010000000000000000010000000000000000000000000
000000000000000000000000000000010000000000000000000001000000000000000000000000000000000000
111111011111111111111111111111111111111111111111111111111111111111111111111111111011111111
111111111111011111111011111111111111111111111111111101111111111111111110111111111111111111
111111111111111111111111111111111111111111011111111111111111111111111101111111111111111111
001000000000000000000000000000000000000000000000001000000000000000000000000000000000000000
000010000000000000000010001000000100001000000000010000101000000000010000000010010000000100
111111111111101111111111111101111111111111111111111111101111111111111111111111111111111111
111111111111111111111111111111111111111111101111011111111111111111111111111111111111111111
111111111111101111111111111111111111111111111111111111101111111111111111111111111111111111
111010111111111111111111111111111111111111111111111011111111010111111111110111111111011111
000000000100000001000000000000100000000000000000000000000100000000000000000000000010000000
000010001001101000111111001000010100001111110010110011101010000110111111100010010000001110
100101010100000001000000100001100010000000000100000100000100101000000000001101100011100000
000000001001001000111000000000000000000111110010100000000010000110001110100000000000001000
111111111111111111111111111111111111111111111011111111111111111111111111111111011111111111
000000001001000000001000000000000000000000000000000000000000000000000000000000000000001000
000000000000000000000000000000000000000000000000000100000000101000000000000000000000000000
000000000100000001000000000000100000000000000000000000000100000000000000000000000000000000
111111111111111111111111111111111111111111111111111111111111010111111111111111111111111111
000000000000000000000000010000000000000000000000000000000000000000000000000000000000000001
111111111111111111111111111111101111111111111111111110111111111111011111111111111111111111
000000000000100000000000000000000000000000000000000010000000000000000001000000000000000000
000000000000000000000010000000000000000000000000010000001000000000000000000000000000000000
111111111111011111111111111111111111111111111111111101111111111111111111111111111111111111
111101010110010101000000100011101010110000000101001100010101111001000000011101101011110000
111111111111111111111101111111111111111111111111101111110111111111111111111101111111111111
111111111111111111111101110111111111111111111111101111010111111111111111111101111111111111
000000000000000000000010001000000000001000000000010000101000000000010000000010010000000000
111111101011111110111111111111011101111111111011111111111011111111111111111111011101111111
111010111111111111111111111111111111111111111111111011111111010111111111110011111111011111
