1000 9891
356 989
968 845
952 338
795 460
761 966
368 696
187 290
479 156
760 606
872 120
631 679
392 103
584 539
969 787
647 571
96 981
501 406
448 270
167 101
981 404
363 413
757 581
635 41
236 52
53 538
26 406
155 38
123 746
298 937
112 121
679 551
66 518
928 372
268 462
153 954
889 384
487 43
596 249
546 786
12 90
141 314
897 676
805 787
116 422
553 917
291 98
607 552
594 889
119 950
777 210
486 195
287 148
435 771
93 803
422 859
560 952
376 233
824 893
812 230
940 947
559 555
250 881
750 622
896 265
237 617
589 404
624 291
354 839
764 926
357 80
86 630
413 222
841 643
950 495
594 445
83 873
315 548
64 868
285 388
24 146
426 234
542 52
673 827
727 104
622 262
720 250
739 550
721 87
890 710
432 550
628 557
252 348
398 511
542 261
75 350
350 980
99 340
976 434
209 549
172 687
385 914
131 713
799 951
606 497
450 696
434 277
458 159
5 362
373 800
193 218
66 840
126 680
800 958
541 473
800 221
708 607
730 402
588 852
257 726
264 394
520 264
619 735
866 965
98 443
64 119
616 676
546 967
840 760
782 767
783 674
273 477
261 920
867 501
118 681
322 930
198 478
185 662
221 80
6 612
214 795
685 35
935 985
248 97
525 265
894 70
713 57
70 494
435 799
737 163
519 303
477 488
595 61
867 800
781 442
135 38
999 295
988 20
898 307
650 701
832 520
444 838
113 329
405 861
635 710
262 62
237 571
177 726
988 826
366 130
48 325
727 159
485 272
125 873
181 55
169 727
242 7
793 194
518 306
377 788
565 849
837 988
608 508
113 818
829 988
558 322
425 398
370 175
502 748
229 876
912 904
949 419
184 99
264 923
749 246
74 574
312 903
612 50
152 624
342 807
579 574
164 515
757 652
117 749
333 992
319 605
566 758
718 926
386 692
703 443
762 869
65 499
771 283
368 140
97 962
943 121
749 314
992 681
154 426
209 973
31 992
681 443
421 752
916 366
836 721
922 38
615 887
581 291
763 704
879 962
736 436
577 644
577 484
859 574
73 485
761 263
992 157
457 504
468 150
490 198
328 53
582 433
106 502
34 379
153 351
923 847
786 722
250 937
141 774
671 138
251 765
342 276
487 789
555 485
707 190
780 562
512 432
731 36
966 845
882 136
220 551
938 374
557 416
893 264
80 33
150 905
651 692
601 577
427 164
829 907
679 98
609 802
42 101
830 410
136 226
415 848
243 450
143 481
735 283
847 893
574 927
96 970
960 543
264 6
449 30
503 327
506 473
344 500
820 32
899 940
332 365
722 805
498 214
456 893
386 664
527 622
190 742
563 328
766 833
268 340
137 500
697 530
297 252
689 674
504 984
161 861
847 689
45 663
302 254
984 465
73 214
994 957
2 202
554 943
774 884
352 480
922 907
559 466
456 340
435 520
74 200
50 190
595 294
957 659
338 197
163 434
71 741
317 677
6 632
323 696
48 193
432 96
970 736
111 814
496 871
443 352
329 778
943 428
845 837
457 540
632 110
81 152
499 185
471 39
90 431
751 220
315 904
727 71
270 444
973 472
261 199
323 274
473 417
539 738
521 339
794 889
464 364
798 769
32 352
267 715
385 772
631 265
229 565
295 271
717 800
778 739
221 534
882 880
282 906
28 186
140 476
967 41
386 892
869 967
493 849
340 235
52 679
255 504
239 999
203 277
505 29
213 980
351 476
843 325
349 148
60 105
80 887
16 633
89 719
369 832
939 839
837 240
654 478
178 431
753 545
884 829
371 354
300 862
28 749
103 107
343 728
55 196
165 516
92 843
443 174
779 264
875 867
514 87
219 967
917 394
8 15
22 358
449 862
374 821
196 61
931 34
716 820
129 108
272 32
573 617
813 186
430 634
993 990
958 600
23 761
120 350
233 961
129 782
890 997
906 78
620 490
466 585
363 943
159 638
846 220
668 708
65 569
356 104
508 884
376 678
531 708
532 107
94 700
829 951
960 778
890 711
980 633
302 809
229 887
257 683
939 168
78 612
389 135
583 761
293 379
104 733
157 311
8 985
324 883
329 687
240 382
679 391
526 794
506 17
269 339
956 776
331 230
683 845
388 359
190 815
639 516
86 396
735 113
772 13
460 593
905 420
834 322
987 115
106 573
657 187
485 994
87 786
567 509
263 266
154 343
598 410
784 706
88 207
89 698
566 932
221 397
828 155
408 726
830 633
444 172
62 416
503 883
434 854
677 162
116 276
763 551
747 90
491 792
76 906
119 996
75 784
87 125
287 68
944 148
439 137
813 691
603 552
614 711
160 611
384 284
366 172
289 657
834 479
276 393
495 7
595 173
923 866
267 198
380 837
972 513
789 85
849 330
208 350
850 933
798 157
251 720
379 391
737 509
258 910
237 870
780 527
401 618
533 449
368 995
955 531
744 350
1000 232
638 702
53 108
854 762
820 770
507 25
860 515
735 401
27 510
815 521
440 413
294 264
38 210
173 825
941 847
51 357
808 616
494 611
425 56
99 81
303 187
108 417
626 290
250 62
606 307
956 774
340 35
268 256
921 602
598 422
302 227
801 640
507 675
183 804
83 496
980 98
994 591
753 536
771 73
334 42
74 907
541 847
794 205
396 386
499 273
266 914
822 562
135 244
525 300
358 455
185 915
25 250
335 989
220 890
752 741
343 486
492 988
578 893
816 170
600 753
72 394
73 599
186 414
769 744
826 238
650 432
341 995
323 168
768 43
876 964
310 934
225 922
907 688
232 110
51 562
712 344
507 436
462 780
683 457
591 815
544 625
82 976
214 61
604 589
753 269
241 113
647 707
47 919
696 923
860 662
130 961
227 51
190 901
66 239
998 812
235 748
451 479
74 674
990 876
654 709
243 829
852 917
516 513
821 926
291 703
922 583
891 100
8 155
678 136
883 934
700 688
863 132
313 792
822 839
978 577
830 934
465 914
429 887
296 948
724 28
948 194
254 359
700 5
884 730
22 121
279 394
187 215
108 805
564 290
987 723
607 566
130 214
810 852
153 111
561 346
591 524
236 948
935 992
58 308
346 467
102 966
284 822
893 886
440 620
144 584
15 567
641 492
236 858
534 337
728 364
495 63
133 600
391 784
360 862
604 237
474 454
38 719
629 590
211 989
858 352
141 954
792 14
578 611
355 678
156 970
907 335
821 397
270 445
346 47
219 471
517 900
55 581
851 666
887 385
673 142
391 583
820 843
699 606
422 475
902 849
308 22
200 695
899 749
544 268
29 332
602 62
363 526
551 459
477 538
369 177
209 584
216 284
820 641
496 60
350 171
874 801
285 516
476 581
866 221
799 755
654 696
166 408
31 672
978 914
995 816
339 820
726 672
13 11
472 339
400 208
808 237
222 131
294 572
832 243
80 872
597 957
891 592
329 95
455 523
362 431
323 633
505 382
966 413
689 824
391 176
196 280
88 385
966 300
434 661
698 966
71 712
241 945
701 689
98 614
746 842
686 551
16 829
228 536
638 199
79 846
842 456
435 946
591 215
519 346
977 295
25 178
263 152
410 636
675 40
58 42
3 743
777 536
44 9
4 495
34 19
823 785
239 94
342 386
51 844
682 534
352 323
242 993
357 281
41 573
7 970
865 333
838 812
160 835
690 151
954 693
213 450
747 918
363 605
192 579
900 165
994 328
830 34
652 774
818 538
446 299
450 694
913 310
986 996
934 76
151 850
178 412
711 122
549 875
862 226
725 42
673 256
933 29
718 989
922 814
705 214
87 898
473 538
457 445
918 274
188 59
724 838
300 541
663 74
81 650
13 275
19 859
782 620
508 719
962 134
849 692
898 121
883 557
956 167
334 375
372 46
500 27
600 329
236 732
127 772
296 682
549 385
736 136
461 801
870 71
104 610
600 615
896 376
844 166
840 433
295 350
620 40
450 389
859 867
76 591
58 206
385 278
405 859
63 851
91 10
373 670
59 744
423 75
315 578
375 882
105 378
859 1
950 376
347 213
220 605
844 319
102 537
765 439
488 413
1000 725
324 547
459 268
216 519
990 599
113 897
152 707
707 371
998 694
400 844
403 306
591 781
703 199
228 530
694 431
752 610
402 134
97 742
739 179
901 224
740 344
70 723
649 232
78 914
249 268
305 546
947 975
730 453
89 507
97 960
244 529
460 630
579 760
395 561
685 232
605 616
456 545
250 732
597 900
264 424
306 223
382 818
876 204
126 311
329 23
978 380
779 629
407 684
763 706
214 970
503 967
676 203
367 391
880 870
183 965
477 296
723 176
742 380
546 715
802 545
963 587
750 859
287 59
184 753
146 182
519 764
478 658
517 69
49 114
50 909
824 840
253 242
219 849
73 709
718 151
538 825
376 914
858 538
984 849
180 514
384 7
722 189
261 463
860 339
627 72
501 891
191 19
637 63
855 104
747 675
15 353
626 816
935 400
544 515
640 22
548 679
591 707
298 102
985 176
686 813
628 69
68 524
986 11
270 192
80 178
962 48
531 989
952 6
249 462
450 847
9 711
342 552
386 743
591 223
192 826
861 704
875 428
921 643
387 96
279 54
72 702
108 164
400 245
53 805
383 98
165 955
432 789
46 150
709 702
601 477
178 54
914 386
164 229
862 468
994 180
973 869
127 244
177 745
885 14
120 601
729 562
948 852
719 139
746 855
803 228
641 705
839 738
395 635
625 850
827 250
922 218
580 466
104 555
286 349
860 98
102 997
374 862
894 385
91 340
202 67
119 610
185 9
637 481
168 215
682 672
148 4
42 515
684 86
246 867
462 348
727 208
546 249
940 518
529 87
402 763
901 723
224 593
423 19
617 30
871 657
255 832
344 811
256 348
510 763
730 181
266 301
561 592
446 466
359 887
86 21
824 254
75 260
204 96
502 837
543 977
607 369
647 951
484 583
482 905
640 655
75 98
302 208
333 934
282 904
560 704
250 4
577 294
956 856
903 963
977 723
749 89
95 742
734 477
293 153
277 516
409 436
631 464
321 704
641 865
415 650
108 136
610 70
706 725
466 334
411 499
642 333
291 777
484 943
671 746
473 735
311 203
222 930
23 823
123 851
49 472
870 319
344 556
257 139
524 79
67 524
548 69
557 515
550 959
664 634
6 921
706 983
304 121
452 65
55 484
922 417
997 811
389 777
305 353
955 299
333 83
280 97
780 918
840 121
110 383
111 34
862 814
223 548
498 485
521 143
134 31
64 746
203 568
241 333
773 508
104 963
358 968
677 784
937 739
406 878
703 972
941 583
506 714
623 165
238 253
960 955
685 578
246 664
265 399
985 280
768 306
812 587
976 414
172 682
531 21
230 799
503 265
195 1000
17 504
751 551
972 272
847 932
464 519
751 674
938 787
279 9
505 78
588 855
32 78
664 204
596 314
70 974
191 850
622 530
771 478
994 141
279 239
83 470
714 28
439 485
885 85
193 539
5 317
235 128
680 19
519 522
482 571
879 536
71 687
25 115
153 38
174 332
875 833
658 745
608 964
97 321
353 703
837 389
362 807
823 86
259 347
81 853
353 552
102 941
76 584
719 790
668 772
64 980
229 38
158 98
587 860
822 5
290 426
682 632
111 70
393 699
176 5
603 406
94 783
872 405
379 231
768 240
878 143
441 776
872 36
164 452
492 461
422 480
388 144
942 795
322 140
285 824
604 538
55 850
617 385
583 876
388 438
392 637
599 390
696 223
715 141
574 192
226 946
83 551
943 405
60 205
785 104
827 533
409 364
665 64
115 660
131 923
689 613
887 606
945 499
448 821
235 223
934 565
424 337
611 904
943 36
795 337
391 362
893 526
766 740
895 448
988 294
310 350
495 982
279 106
465 743
853 572
513 433
21 138
611 614
794 394
337 301
283 899
620 1000
14 785
73 379
590 816
741 652
138 313
124 642
168 720
658 766
633 508
262 284
387 502
842 656
347 18
428 305
234 480
551 925
897 222
556 53
629 537
78 273
946 985
58 590
708 799
893 261
472 543
18 471
935 96
132 339
498 783
247 392
566 260
694 713
753 259
241 119
117 940
798 699
51 466
380 414
99 510
155 304
43 15
96 956
948 354
538 282
296 265
730 422
588 776
368 171
369 582
596 259
634 186
397 134
804 476
338 806
705 157
232 933
657 18
334 290
550 295
988 523
349 62
504 185
931 860
861 131
535 70
665 37
799 349
681 694
221 149
793 780
900 976
741 974
745 523
27 580
528 47
63 465
698 915
204 202
223 924
150 258
832 853
941 13
391 108
34 299
508 470
759 295
201 298
413 290
162 455
388 645
206 900
443 466
358 707
675 159
309 389
65 673
603 219
967 704
439 695
775 313
389 398
48 256
746 443
894 755
143 179
474 230
320 640
797 434
727 49
214 236
566 369
397 723
39 467
405 741
561 599
214 95
990 722
683 68
441 689
830 437
759 497
936 805
433 833
848 148
339 619
907 781
769 812
27 378
448 433
247 803
505 192
982 306
201 735
281 926
868 445
304 720
395 747
640 942
455 743
41 183
852 137
126 98
644 911
559 2
463 153
980 53
196 612
396 102
787 655
37 276
899 73
278 6
525 63
197 94
434 768
787 764
963 438
62 776
164 606
564 85
73 465
511 387
882 887
361 494
949 757
953 754
550 956
148 340
478 875
764 692
340 904
452 66
426 549
394 71
870 6
287 784
368 796
257 453
719 829
560 154
599 859
414 173
897 780
881 594
517 708
510 570
688 62
394 185
900 939
306 925
54 327
543 257
821 495
399 57
789 641
758 662
632 474
355 853
827 465
34 866
955 260
972 988
132 299
61 667
515 664
468 643
105 591
56 5
789 611
630 563
337 620
454 965
181 659
612 233
62 142
321 862
400 385
130 566
259 326
890 134
604 229
744 704
5 743
689 670
389 600
980 734
26 505
311 411
683 620
44 758
524 552
619 874
624 4
516 132
294 606
352 596
515 809
410 107
668 842
400 77
308 846
785 101
712 566
50 133
857 563
469 701
496 629
396 360
272 294
847 57
280 817
903 379
391 39
253 236
490 238
254 159
58 490
739 170
7 471
157 486
28 914
750 927
557 159
534 428
591 181
812 198
234 378
705 205
955 310
544 795
82 310
300 385
435 256
87 908
307 679
312 335
607 972
441 45
24 67
298 878
760 845
65 617
52 361
17 782
931 398
589 150
728 62
65 538
48 712
446 833
897 403
312 173
185 417
464 28
998 549
431 684
4 818
901 460
100 155
129 50
694 669
860 653
665 905
890 440
32 26
565 224
783 89
806 202
938 978
556 549
80 502
375 289
587 505
515 612
308 750
915 318
922 622
660 630
598 219
765 925
4 702
42 265
156 857
13 192
639 983
352 756
518 907
995 842
781 251
178 16
567 558
553 100
921 456
207 175
28 606
781 76
188 834
625 586
642 667
771 74
921 377
297 567
447 973
676 245
10 523
173 45
475 269
59 74
22 434
962 825
335 809
48 217
729 758
768 738
913 527
148 268
920 477
595 221
279 694
998 742
654 806
343 483
825 608
842 526
349 526
915 354
564 827
584 217
941 964
559 152
960 992
893 34
534 174
355 655
690 940
394 369
825 947
739 533
647 286
637 174
548 673
73 775
848 395
819 721
426 49
936 846
265 117
817 640
982 218
809 32
323 539
468 699
165 357
41 303
848 169
62 247
247 169
123 487
839 485
812 931
887 505
688 657
448 342
29 391
406 637
821 923
353 446
574 253
832 460
598 231
691 387
862 184
735 74
168 386
226 198
496 831
670 803
948 385
322 260
524 752
266 704
728 43
897 546
914 384
329 160
956 11
35 47
301 442
602 959
666 400
336 787
600 148
235 331
700 247
689 866
118 516
709 111
239 496
189 212
386 506
278 820
546 604
141 580
181 439
932 337
924 912
167 708
43 442
977 301
581 950
54 94
439 912
195 148
52 860
989 546
132 643
884 264
354 815
405 913
323 248
576 258
462 717
746 440
896 309
833 596
377 976
121 958
342 22
750 403
935 7
518 501
332 88
975 774
262 695
782 398
659 193
347 573
294 228
497 488
581 873
302 755
819 242
824 111
308 384
521 49
596 723
8 92
905 210
321 11
820 27
952 147
166 346
493 781
496 63
302 461
207 442
807 411
927 856
633 707
890 210
250 117
416 719
459 739
979 408
31 535
771 484
634 78
466 332
156 98
527 547
14 658
110 999
348 808
206 442
153 814
905 767
466 479
103 22
988 376
719 248
23 817
943 896
714 472
700 155
921 162
336 910
106 40
180 823
490 139
989 243
723 475
262 309
484 493
68 236
181 395
608 937
409 526
607 821
721 654
614 83
906 872
428 212
871 832
237 612
627 228
992 423
223 657
941 274
223 550
902 391
828 866
634 855
518 183
793 468
741 54
963 4
238 16
475 686
742 928
777 217
816 689
48 523
198 890
12 942
330 621
555 92
522 879
363 495
418 410
346 723
94 365
187 861
42 200
464 618
446 302
798 515
896 781
86 384
456 953
40 824
207 436
634 128
100 548
692 800
288 422
349 119
888 523
302 203
13 44
131 929
867 363
904 767
762 159
300 925
709 261
656 159
32 665
966 508
399 789
645 729
794 5
572 116
639 74
37 617
657 726
499 422
281 31
524 109
887 779
619 425
662 410
626 237
788 714
516 729
920 450
693 723
340 941
941 991
606 576
258 616
679 219
211 696
506 808
837 276
750 527
897 71
780 948
803 365
767 548
769 397
239 127
168 788
940 178
101 122
764 814
826 185
155 923
372 643
321 439
837 967
860 616
21 522
705 553
522 33
851 855
379 86
971 426
845 333
647 731
527 385
97 650
588 177
844 11
863 377
773 185
298 163
318 166
781 566
695 892
920 634
481 644
173 838
657 889
325 539
130 539
803 787
577 162
5 329
541 263
65 502
655 259
714 639
437 803
407 90
982 746
132 959
531 382
705 183
784 802
72 532
839 836
258 153
875 15
796 921
466 276
799 490
946 10
343 958
749 599
240 681
131 810
315 217
278 975
193 756
10 697
756 894
908 82
819 345
316 835
653 404
629 50
590 777
652 805
357 991
177 41
641 762
442 191
46 666
968 411
205 364
331 945
651 158
724 952
194 735
357 177
747 489
305 350
141 688
751 481
555 570
84 268
167 688
261 443
548 381
42 554
206 985
300 4
219 94
954 935
573 911
744 303
393 941
713 532
823 715
312 219
21 701
189 555
212 892
383 922
323 317
217 566
789 696
830 268
711 507
531 881
734 936
130 810
220 834
132 236
194 421
695 723
666 827
216 260
696 14
550 153
829 334
423 573
781 427
564 13
839 117
734 341
934 139
518 586
723 676
961 239
910 160
624 879
291 328
588 778
627 852
154 280
190 634
616 487
819 102
322 594
342 657
644 923
648 350
634 43
652 446
853 267
418 516
787 629
112 97
663 30
213 807
463 52
877 618
378 732
931 862
284 228
791 186
339 235
602 815
89 912
92 497
851 4
101 621
763 289
858 808
987 580
404 804
67 674
243 326
505 54
332 518
244 458
962 653
836 246
893 995
224 485
880 754
524 283
963 269
54 206
826 31
61 270
561 794
195 36
806 708
539 987
367 226
856 837
46 781
431 513
802 119
958 931
219 299
592 847
612 258
26 941
647 381
686 733
18 313
180 314
102 415
331 763
765 749
358 781
252 256
952 438
844 252
863 288
593 452
316 549
274 601
415 159
307 858
256 748
187 816
591 966
613 666
490 899
365 321
757 591
593 742
351 242
541 350
853 92
981 23
840 917
14 454
425 901
192 904
155 60
231 489
179 178
957 367
603 74
264 794
396 145
683 479
771 487
40 123
848 722
408 767
532 198
375 132
999 885
987 789
936 53
277 483
885 126
227 636
120 879
840 593
732 967
415 405
202 290
790 163
79 88
444 491
966 288
568 911
699 280
221 247
666 100
870 204
482 645
546 526
837 29
675 462
949 755
325 329
917 405
561 459
390 511
599 631
364 158
563 517
638 203
567 213
291 326
934 300
42 960
483 686
512 186
398 866
418 95
367 32
684 422
794 738
730 740
12 619
768 969
245 313
204 338
439 661
613 250
523 206
707 125
110 92
336 233
318 425
223 745
772 694
555 206
60 736
800 791
436 163
424 747
647 519
373 520
137 202
467 591
41 83
265 257
942 988
283 161
891 52
213 32
102 687
147 654
496 92
313 634
922 520
579 627
473 892
93 443
421 484
64 175
815 180
818 888
526 57
527 864
127 204
511 109
847 711
297 319
761 258
154 336
464 792
287 767
444 574
931 568
201 987
221 392
242 477
637 768
143 777
19 791
404 527
40 996
338 247
528 331
250 475
508 715
40 373
351 639
382 278
420 352
975 502
796 715
429 494
177 413
441 288
142 232
349 695
633 372
262 278
873 293
374 874
327 820
756 118
208 452
671 15
30 157
747 413
879 360
721 890
228 798
565 697
752 912
508 254
399 377
592 745
954 896
367 181
206 877
134 254
157 183
890 128
353 495
206 942
989 779
811 55
461 498
621 660
323 465
569 9
915 245
865 930
590 433
612 425
575 39
523 456
82 888
88 709
897 72
810 116
98 808
597 332
691 651
273 998
181 757
117 759
189 202
609 570
808 508
256 835
545 963
965 586
857 81
635 444
662 634
222 61
593 959
923 74
586 256
880 45
532 686
292 395
395 930
661 971
768 987
930 993
790 265
404 498
779 536
668 839
842 72
112 357
386 242
814 242
286 587
202 871
456 402
849 749
742 368
889 156
407 537
448 982
672 814
951 476
755 711
42 870
941 38
889 781
874 219
894 30
306 543
474 717
537 425
168 580
926 277
430 1
425 575
703 589
6 247
198 983
860 184
662 482
385 374
298 689
548 461
471 398
737 765
977 13
449 724
711 724
124 466
474 1
366 19
264 863
284 258
512 37
146 287
147 10
960 887
189 411
446 389
375 481
153 839
803 836
476 856
296 494
173 792
853 214
191 467
963 650
187 900
960 644
597 209
265 678
67 147
492 97
844 270
576 596
316 215
412 992
212 416
748 178
524 563
217 270
296 155
409 476
464 849
425 394
876 14
415 658
166 448
988 487
791 68
904 696
562 396
391 314
386 214
979 77
310 313
634 381
157 650
555 194
71 880
862 645
258 271
261 764
301 235
139 16
380 676
110 517
749 986
849 491
873 509
746 117
516 801
929 992
410 660
737 463
295 243
851 579
528 411
731 233
586 700
915 990
110 214
826 143
108 915
949 195
199 484
246 513
855 249
87 339
398 490
237 194
813 408
312 103
740 175
264 970
137 92
167 360
481 993
192 636
34 575
19 209
920 516
298 376
951 781
787 212
934 37
866 359
445 104
123 370
506 118
723 48
847 637
478 240
812 784
744 742
504 907
350 462
939 671
959 720
783 550
736 677
183 762
192 87
411 503
255 196
681 501
365 644
24 912
400 443
260 752
600 195
766 720
657 396
913 794
219 575
701 859
279 421
852 473
529 842
259 368
645 884
261 847
580 419
713 6
699 471
186 142
386 476
940 795
98 978
262 239
106 441
788 679
201 459
846 405
647 156
409 790
375 583
547 24
529 517
534 374
519 486
724 608
56 972
920 53
403 522
777 620
689 328
391 640
169 225
965 633
551 934
792 111
167 89
133 857
138 161
765 430
471 295
882 202
5 159
959 82
502 84
695 628
934 276
627 290
527 431
364 815
204 128
242 335
69 782
971 238
221 963
721 507
43 659
445 27
504 713
517 295
40 939
645 242
313 633
501 228
486 632
277 544
917 786
437 984
68 902
985 196
312 629
202 18
899 136
458 120
277 548
350 426
670 889
456 701
857 790
549 72
965 725
951 676
679 757
726 560
602 962
396 5
948 421
900 629
225 61
269 894
671 359
308 516
511 614
733 413
130 232
1 931
743 228
909 850
827 374
865 126
149 941
187 86
461 843
542 716
146 622
49 73
923 645
859 600
676 946
934 484
625 798
516 731
175 878
234 214
822 511
715 877
681 941
370 278
480 314
10 199
393 725
752 732
968 95
362 690
381 246
922 410
849 332
30 45
695 261
169 629
862 186
243 378
980 861
506 520
233 816
548 569
439 760
778 4
802 444
664 389
757 196
843 595
788 164
124 173
661 302
61 700
565 124
624 98
556 657
389 886
965 954
195 571
345 74
164 522
432 621
468 896
416 811
625 3
696 605
915 323
80 90
196 778
967 495
485 434
886 294
869 470
197 120
325 827
918 320
277 568
623 124
873 787
66 585
931 727
307 337
53 893
31 831
974 731
848 667
448 777
692 548
434 884
273 434
538 334
850 428
524 813
148 553
810 890
150 139
561 304
83 212
304 295
434 598
589 738
917 347
962 820
465 372
29 619
84 746
777 213
241 717
239 334
674 794
222 664
319 486
881 829
1 123
664 805
749 972
719 833
779 52
263 223
225 189
861 50
159 286
586 566
851 422
85 662
285 468
659 603
200 340
627 79
690 481
333 488
560 52
544 937
82 680
891 450
780 553
431 623
158 237
531 661
205 174
578 648
906 147
214 196
417 515
897 508
538 48
935 28
298 99
122 623
798 812
450 934
436 245
725 681
658 262
428 881
414 676
933 924
347 579
669 946
691 742
69 710
754 314
564 15
485 834
930 689
734 347
147 713
131 332
768 431
478 21
623 377
377 486
442 682
903 875
202 525
106 639
197 324
182 696
827 565
637 668
373 3
467 66
840 680
736 521
2 197
165 823
847 303
577 351
500 186
637 967
467 51
235 582
306 335
408 387
944 725
399 847
51 182
337 508
147 868
288 196
585 86
641 708
701 536
906 736
756 56
333 217
524 134
798 317
600 548
709 142
512 710
313 201
208 397
794 652
262 110
284 978
875 555
567 401
608 238
937 1000
974 397
557 521
211 995
381 303
113 657
4 576
594 352
703 838
280 296
195 439
267 994
570 137
539 842
65 967
392 701
639 981
872 205
406 822
47 960
930 384
130 780
113 76
412 346
848 249
959 799
411 797
213 409
913 435
390 61
186 867
902 629
84 426
436 495
477 645
853 90
717 571
259 511
334 929
828 964
209 876
448 36
178 245
911 751
435 222
827 736
203 266
421 351
523 62
321 731
231 376
108 133
623 806
887 621
230 688
1 630
143 823
628 611
23 221
135 903
653 70
542 179
992 288
309 944
815 115
554 541
26 82
716 549
999 85
639 50
399 675
607 528
404 843
961 678
102 88
193 860
305 186
768 574
235 909
823 216
507 736
560 944
244 441
283 847
187 751
456 137
189 941
410 582
729 860
114 172
197 926
589 396
96 367
884 248
668 829
290 269
102 789
693 414
332 778
168 827
336 461
789 419
659 403
879 52
726 431
205 229
564 540
98 440
976 140
333 257
10 822
602 250
403 431
842 14
557 420
274 192
80 383
890 416
692 414
711 338
786 167
803 601
937 273
539 485
818 532
782 139
145 198
260 513
479 303
619 576
16 448
655 296
161 572
994 904
771 295
700 647
689 658
765 249
265 877
992 589
645 403
683 608
559 189
475 671
361 626
662 702
455 596
866 989
297 334
642 489
980 85
567 631
948 747
73 151
681 464
993 454
757 101
480 255
482 581
209 335
763 572
819 382
162 583
20 601
810 647
941 175
874 338
793 968
97 491
45 11
709 36
547 217
585 110
470 760
549 395
509 94
720 771
992 120
385 78
222 701
67 246
799 55
551 662
642 878
606 583
644 463
519 436
577 835
64 954
817 220
68 82
486 449
822 111
519 453
835 483
86 682
306 810
509 785
168 791
208 228
458 387
318 361
29 970
929 196
289 101
988 673
204 99
70 858
204 368
467 926
740 61
234 683
842 938
470 683
692 348
30 351
33 233
876 490
511 638
886 542
475 21
123 110
169 191
146 475
899 555
613 847
687 712
246 360
764 493
363 460
950 958
420 925
919 421
873 675
456 841
825 448
240 224
442 804
169 36
668 26
856 490
909 288
857 87
288 342
736 768
459 735
387 10
304 668
69 404
405 95
549 922
115 746
442 518
169 454
119 815
946 182
468 214
269 931
583 935
666 265
773 595
481 69
53 392
947 352
549 252
642 270
257 980
629 398
757 121
192 271
176 644
140 39
399 874
55 148
992 806
301 116
129 387
280 785
581 77
784 225
90 616
16 891
520 504
546 423
484 564
217 853
935 731
58 125
447 397
985 878
642 997
148 110
385 372
488 193
659 602
287 613
67 7
674 37
54 259
772 618
789 852
204 404
128 171
413 416
454 724
825 32
427 268
963 878
514 679
848 30
92 991
501 520
48 982
394 558
735 259
939 262
407 292
653 524
531 80
493 805
131 318
528 954
428 912
329 505
950 821
773 772
577 131
616 439
744 652
947 49
252 931
921 654
669 580
273 371
274 716
59 430
358 660
795 18
946 90
395 928
657 21
508 815
269 967
348 832
790 299
650 854
10 713
726 633
878 533
602 810
325 449
932 127
2 996
25 445
98 605
852 310
410 321
487 365
749 858
382 413
631 807
252 193
908 343
453 446
456 110
55 414
645 487
686 292
881 567
376 837
139 99
750 603
254 810
578 856
318 711
129 928
802 144
806 872
608 239
293 779
587 133
333 58
39 887
525 956
215 58
822 198
517 636
882 357
833 703
906 37
601 651
487 10
360 119
267 997
217 658
663 232
632 451
601 564
233 664
507 105
788 176
536 137
42 446
133 5
834 704
742 523
622 382
364 709
800 592
973 477
207 777
373 561
549 542
52 26
844 78
494 435
389 845
485 788
622 943
113 173
666 909
705 929
853 89
31 765
8 670
507 13
593 628
49 722
209 867
598 263
530 95
348 518
921 618
294 676
207 333
210 547
619 901
72 704
805 56
991 333
5 928
524 769
840 709
418 551
495 636
780 505
912 193
785 341
698 606
774 731
810 672
408 480
600 372
566 314
396 321
948 822
188 995
657 664
547 316
624 473
129 459
168 399
915 689
883 229
849 469
996 524
928 804
379 514
825 151
2 669
975 674
477 205
300 410
216 869
675 190
416 18
16 609
146 560
2 524
132 611
132 233
655 593
626 995
741 50
617 252
621 540
512 112
752 853
933 736
2 230
475 674
868 907
501 686
561 997
199 347
661 450
773 152
778 366
229 960
559 723
531 938
860 678
475 576
332 463
815 482
122 791
29 297
255 721
420 634
956 532
833 301
905 242
924 58
748 982
549 643
716 180
916 982
611 470
13 838
734 272
350 25
654 678
406 287
64 162
228 889
999 948
58 960
455 710
334 557
207 289
433 300
199 701
117 84
84 899
840 737
70 170
63 248
899 424
918 388
885 95
547 506
784 984
253 901
69 686
771 226
189 207
10 528
905 872
671 837
874 339
784 119
595 87
478 697
980 528
409 982
646 385
159 6
116 148
970 513
220 16
167 571
762 796
393 586
763 906
343 474
751 457
668 915
280 980
229 479
176 37
414 99
379 618
833 837
850 925
906 923
138 97
401 83
752 915
915 939
275 328
955 442
985 563
233 822
551 836
510 682
367 807
647 305
142 651
787 338
772 518
518 38
191 218
620 260
569 14
609 797
248 927
930 457
695 715
98 198
247 192
982 413
25 807
960 699
977 627
179 465
536 526
403 537
667 292
61 13
706 450
657 782
195 859
847 567
755 408
670 712
822 883
783 491
363 122
297 280
580 801
264 431
636 613
714 171
640 794
809 245
991 645
313 998
254 664
925 823
13 477
89 527
880 782
166 645
638 469
231 97
95 820
993 82
810 888
140 951
14 872
733 16
201 167
462 62
286 360
236 299
932 314
491 538
55 437
556 382
135 125
805 645
20 963
79 416
194 586
660 275
389 259
427 976
444 978
263 366
547 931
508 29
825 837
258 874
595 943
318 266
247 352
102 685
985 527
380 71
128 386
901 265
215 887
169 587
80 26
122 621
764 44
310 728
497 455
703 147
100 164
7 664
527 481
670 84
630 636
118 256
530 342
624 645
435 38
73 845
156 916
854 231
126 670
145 141
255 382
23 356
523 804
601 4
810 280
387 105
890 42
193 266
577 428
173 473
657 20
928 666
813 649
279 301
391 311
394 51
452 807
83 97
883 637
754 847
333 761
699 351
862 761
700 140
331 883
353 799
90 326
620 955
270 990
628 350
811 662
701 534
98 973
444 545
306 574
334 361
106 175
703 541
82 473
135 97
600 550
965 274
383 909
167 848
261 411
980 689
625 761
90 879
141 801
152 720
115 464
578 968
120 442
121 871
765 22
508 33
272 815
462 337
480 962
964 380
764 193
947 547
489 549
570 774
73 806
773 44
90 356
42 447
26 984
208 971
651 715
854 438
621 345
668 278
209 567
752 615
414 646
804 179
665 836
251 333
158 714
700 526
471 26
213 249
880 394
934 171
690 365
977 724
173 539
815 156
730 388
330 54
627 820
350 461
334 982
636 574
305 764
931 512
520 169
406 82
652 350
13 404
571 598
734 230
644 778
905 738
141 304
563 489
439 15
979 106
842 477
158 589
555 971
421 913
225 240
745 489
653 294
549 405
182 198
718 308
756 239
22 383
650 572
941 107
324 115
399 579
33 711
242 676
793 12
615 229
312 719
15 979
327 989
287 862
275 702
42 607
210 281
983 246
729 979
846 186
363 934
437 79
384 885
4 550
404 376
208 137
225 813
324 567
109 327
91 196
635 899
229 894
32 278
587 612
385 293
330 519
864 563
95 773
872 94
418 81
18 168
651 580
47 855
817 860
270 50
132 55
743 895
374 230
662 641
575 405
751 556
222 442
633 625
960 719
669 745
377 307
303 31
696 185
300 759
815 176
126 545
491 100
347 984
903 685
761 262
420 135
49 642
50 93
804 310
1 551
202 96
390 915
700 86
900 624
389 358
619 142
707 247
766 755
527 691
715 691
384 503
934 659
866 829
594 425
83 61
249 805
624 375
405 16
79 169
524 106
529 964
571 193
37 741
794 288
410 553
375 262
500 319
160 699
163 800
849 26
622 462
953 190
718 93
663 996
372 537
764 811
548 599
850 700
998 588
980 975
638 679
454 750
237 246
76 180
617 360
85 322
621 656
276 581
695 714
184 220
683 130
438 982
687 714
464 700
433 643
839 511
679 342
458 342
687 699
230 818
545 854
433 540
195 973
576 588
155 75
247 993
782 20
360 667
235 793
847 485
226 60
650 683
970 175
183 654
762 77
288 566
308 953
573 115
131 896
1000 873
452 716
783 648
505 286
460 931
174 145
560 540
318 892
300 799
943 583
949 646
452 994
325 380
590 648
560 305
137 910
858 704
720 737
132 887
617 895
608 86
833 951
261 422
194 587
968 126
641 8
399 296
333 20
816 50
64 823
357 414
534 684
506 330
261 344
285 66
915 823
309 76
132 459
205 171
8 838
214 219
175 564
425 464
209 441
247 385
227 851
186 987
540 766
66 117
291 43
843 791
899 521
95 994
96 964
862 662
411 931
625 937
326 306
131 288
756 863
705 987
27 243
853 67
255 377
334 840
830 845
383 604
122 46
947 51
667 432
654 174
239 826
99 3
634 52
525 131
619 808
514 891
286 649
1 623
348 834
974 570
794 164
282 112
467 52
72 900
454 338
44 203
244 130
743 216
528 407
196 301
127 887
997 605
698 799
858 821
620 948
415 210
699 463
850 177
562 591
708 279
374 807
513 263
73 280
901 936
793 55
759 868
559 536
104 674
515 478
646 884
578 854
816 79
923 805
945 813
779 498
237 523
703 754
831 265
744 481
462 676
328 947
656 567
731 237
822 196
974 259
694 898
622 796
773 273
246 517
51 537
529 340
859 254
878 78
475 713
705 532
480 801
65 885
673 118
465 14
576 948
535 872
536 826
904 318
388 87
35 922
531 1
769 948
169 832
80 293
977 553
389 843
895 623
612 533
368 480
421 122
478 101
705 935
195 901
108 482
131 173
88 78
30 849
803 329
880 26
588 811
260 990
71 268
75 969
408 708
410 30
702 601
165 808
791 100
978 685
944 613
174 94
451 567
932 584
235 156
481 417
256 249
405 394
830 677
510 596
62 819
304 275
729 534
841 76
241 936
98 639
745 488
727 584
780 623
550 951
238 500
187 191
686 215
102 46
509 40
243 68
25 185
978 241
686 326
500 861
232 467
394 78
487 625
437 172
702 760
120 360
46 592
185 172
183 425
591 508
209 86
953 183
336 95
449 656
90 98
901 320
647 348
802 263
53 143
934 264
683 8
299 259
164 643
972 42
275 234
494 482
258 791
47 854
948 3
40 512
494 589
537 553
613 697
283 164
274 577
618 769
251 360
288 222
201 531
938 904
575 381
407 223
561 269
781 494
607 44
711 604
826 965
650 784
1000 592
855 690
427 203
786 471
1 693
697 592
442 609
406 396
726 709
785 21
658 797
930 982
643 243
136 591
247 723
987 884
179 947
849 837
53 918
424 625
495 597
760 442
444 277
173 177
857 564
141 339
914 597
535 135
371 231
97 127
983 365
852 505
980 310
358 70
399 640
861 117
779 302
846 515
780 253
969 140
576 378
67 353
716 929
608 58
920 230
522 358
150 559
688 66
82 305
889 711
342 263
876 419
362 705
638 853
507 309
897 379
954 437
893 377
345 259
787 340
436 110
73 876
522 43
831 39
503 86
289 324
255 913
806 483
790 996
170 65
946 670
657 593
640 289
338 878
212 683
804 919
957 601
807 796
169 152
597 312
246 414
801 451
900 211
986 961
352 941
403 539
83 559
1000 573
583 906
405 65
113 452
666 626
317 210
141 4
112 188
316 46
734 751
680 985
678 324
761 146
727 957
149 299
36 12
481 203
340 378
969 78
932 70
58 695
902 575
370 709
882 895
549 475
58 294
337 293
31 41
418 958
992 561
519 260
25 192
746 26
802 792
96 187
189 978
300 461
387 148
729 921
73 605
682 693
419 425
443 390
447 807
373 803
233 903
823 848
111 98
224 590
280 208
105 349
986 510
152 115
401 29
720 302
522 124
564 471
485 394
73 982
532 53
972 908
845 410
319 326
21 552
233 562
286 911
125 612
164 884
557 695
764 413
660 704
194 302
143 283
460 429
977 605
670 520
907 886
160 465
125 206
731 927
539 351
830 882
754 536
245 196
173 582
505 14
415 665
792 948
761 317
357 650
139 587
16 414
54 634
457 124
809 215
760 387
45 797
767 323
966 431
698 697
183 947
40 419
149 783
390 747
373 289
945 352
193 731
38 634
288 817
953 877
295 682
304 199
687 103
784 177
859 535
36 262
755 678
628 344
281 217
245 648
159 216
16 858
646 730
573 602
483 696
484 327
508 349
571 121
521 668
812 133
319 151
674 354
540 935
414 185
732 428
440 340
58 143
59 698
8 952
652 690
285 436
841 636
325 205
797 281
670 25
450 228
270 395
273 613
552 888
773 272
316 733
190 226
221 492
837 921
363 730
879 242
312 108
720 153
226 718
315 867
362 424
394 638
271 148
494 455
445 910
677 470
787 106
811 272
74 716
520 510
683 858
282 913
420 409
36 640
532 525
713 762
756 723
387 54
193 379
502 239
112 117
610 236
386 994
706 699
320 98
880 106
457 399
495 707
978 971
580 891
183 870
996 971
248 371
249 926
948 642
282 452
690 457
283 549
983 588
468 495
684 751
689 135
508 387
313 306
185 608
992 80
149 5
576 287
978 95
638 205
1 297
345 874
110 554
129 121
977 285
560 771
343 416
419 400
849 347
189 598
143 87
146 559
419 609
281 576
655 594
162 675
716 668
593 239
812 399
67 192
378 422
858 108
720 133
742 554
1000 405
113 108
228 267
968 338
756 180
234 996
365 142
293 497
442 925
756 865
351 79
985 993
777 269
969 820
395 702
87 694
992 722
661 899
650 514
839 200
264 438
653 900
180 1000
808 179
421 704
773 635
44 637
429 181
733 359
951 720
572 171
258 63
706 929
654 385
268 196
107 436
728 429
762 376
232 643
605 222
770 53
845 591
644 526
855 620
83 172
802 898
429 377
166 912
862 977
794 337
926 434
870 56
16 561
551 611
823 990
720 549
239 23
573 755
689 286
822 301
566 100
414 241
424 881
388 980
318 365
516 845
506 533
860 496
590 153
367 800
190 299
48 704
90 71
831 408
381 580
916 433
555 147
294 325
833 533
924 964
48 607
610 864
570 828
687 615
599 187
527 398
30 722
753 239
537 890
351 18
834 104
34 608
53 388
346 702
754 275
80 494
924 25
643 419
381 904
991 83
244 756
209 799
654 33
527 221
86 423
455 278
627 833
683 563
443 694
994 92
623 757
373 42
195 782
784 793
268 394
821 590
666 277
444 331
698 674
18 624
573 226
222 976
117 166
923 287
562 117
568 990
788 919
572 62
420 307
774 678
957 756
762 412
747 192
742 453
343 266
625 829
96 388
920 293
615 222
84 614
413 888
196 120
436 527
475 35
556 264
567 707
146 996
493 443
833 806
171 443
427 981
711 829
922 893
968 207
843 283
6 490
479 905
686 601
720 303
60 832
462 616
66 695
267 586
588 494
134 144
906 367
268 772
397 616
270 206
332 387
407 435
320 603
651 561
13 600
394 554
472 774
753 599
38 245
539 560
721 437
151 974
777 107
742 247
222 481
630 482
402 272
354 169
9 834
855 535
145 130
787 815
570 677
630 285
647 875
644 751
196 875
13 139
895 939
594 558
311 426
204 570
758 497
260 996
445 288
850 452
70 983
680 807
199 753
738 101
26 345
814 310
121 93
714 202
349 53
667 208
378 743
508 666
298 98
970 931
633 107
249 882
323 535
585 200
589 816
384 433
386 323
832 831
82 178
559 708
803 238
474 568
851 250
779 361
979 98
320 298
897 998
64 631
229 387
357 222
42 614
387 853
335 555
693 389
305 460
859 933
987 232
490 125
78 203
707 249
770 91
927 489
608 338
742 354
461 338
356 120
985 616
163 728
493 193
938 350
321 368
229 839
964 398
927 538
125 918
290 717
830 467
152 662
150 929
924 780
194 17
927 683
731 314
644 403
66 87
583 670
251 209
125 760
644 290
687 652
914 24
143 382
94 264
683 619
429 541
52 772
492 67
882 759
593 616
282 769
853 470
106 717
350 729
680 884
240 955
279 108
928 243
472 350
921 543
651 341
248 261
453 90
326 216
37 283
331 562
375 54
135 898
131 611
512 891
433 230
966 392
70 221
540 469
27 650
533 908
37 637
934 709
871 781
746 945
158 707
451 343
805 632
555 861
443 509
489 57
509 38
793 17
813 174
599 765
949 926
885 438
345 523
393 694
8 597
682 541
475 777
243 970
281 752
835 57
39 25
191 162
933 154
161 395
554 354
639 261
262 127
618 621
148 168
346 808
613 854
237 578
246 257
686 994
670 423
489 800
769 918
221 989
326 376
808 519
756 482
957 186
765 861
52 792
762 965
711 21
36 820
193 307
973 769
118 920
457 426
175 304
268 118
16 487
614 555
948 871
291 188
611 999
278 938
106 229
988 203
993 187
62 956
853 927
31 55
159 2
434 575
533 785
594 225
996 605
614 228
111 117
55 450
645 493
793 237
777 720
281 257
730 592
676 670
551 610
682 735
419 399
77 151
712 215
797 702
731 166
270 550
369 345
59 741
977 26
336 430
9 280
637 16
642 574
355 747
881 343
698 263
510 825
204 508
328 411
530 588
717 186
21 899
228 345
968 656
471 551
683 135
612 39
703 934
949 328
308 320
660 669
351 605
782 724
325 515
546 777
922 631
264 373
957 343
607 2
682 343
870 752
583 21
913 41
204 614
558 941
154 447
482 768
657 749
918 309
804 420
697 844
993 485
614 471
931 827
733 507
449 763
370 707
524 954
161 947
177 33
430 877
456 449
225 317
390 303
968 387
519 262
741 690
941 432
232 414
451 188
289 841
181 459
646 655
522 393
903 116
316 635
567 395
422 904
206 801
216 801
252 167
569 739
937 775
154 149
357 492
200 425
733 577
38 953
663 890
526 610
432 524
143 214
350 526
413 300
768 325
806 269
223 149
604 96
221 916
848 162
441 524
985 463
311 647
772 427
363 480
635 27
912 542
36 622
187 522
403 569
636 935
371 170
786 394
365 631
575 516
724 322
857 807
594 722
746 553
122 271
28 933
785 211
22 154
57 962
823 300
81 719
666 198
429 13
804 47
111 607
774 643
22 484
645 465
637 547
598 811
90 678
162 763
418 849
821 933
898 167
747 316
715 858
559 549
138 451
859 731
286 219
1 89
37 779
276 85
314 128
48 476
170 297
200 231
461 192
923 983
232 152
798 257
363 847
626 373
536 31
99 729
941 600
981 731
470 80
386 868
826 488
518 482
995 275
885 907
212 393
564 292
51 395
677 579
949 494
807 960
350 885
939 200
498 952
428 851
566 617
455 42
661 651
791 588
612 255
323 976
317 453
980 694
891 32
359 590
491 350
916 575
574 55
996 563
701 219
477 816
543 471
672 410
123 760
913 96
252 988
365 603
203 256
683 634
79 669
362 483
397 160
75 970
774 946
425 687
156 521
966 126
821 545
116 261
654 427
490 478
240 509
496 579
634 297
908 18
344 567
509 195
491 952
594 875
576 482
334 406
33 953
965 208
457 969
629 867
921 90
45 178
473 567
237 714
642 132
715 838
705 137
81 870
195 234
140 601
287 794
93 727
367 40
868 707
817 429
901 683
793 306
82 731
12 754
180 380
597 283
591 622
484 42
546 61
588 416
418 424
312 155
604 776
276 941
725 762
971 278
562 809
209 535
375 422
627 585
97 726
919 415
78 787
229 685
499 855
705 896
251 474
126 730
682 368
539 281
499 964
853 489
819 57
178 147
676 406
14 341
805 118
478 358
800 346
451 758
692 984
911 638
74 83
455 594
719 385
933 607
883 189
697 823
81 646
12 108
583 487
131 838
758 843
643 796
706 814
180 877
589 759
442 160
776 640
500 926
969 177
153 476
245 590
581 996
267 100
159 146
842 528
404 75
298 562
300 484
817 214
251 638
860 172
793 824
423 494
262 40
67 384
251 751
986 374
567 471
399 321
627 709
131 592
176 312
399 246
76 289
581 185
315 975
320 851
939 211
252 98
588 452
813 416
934 412
204 509
460 87
742 581
640 437
311 924
937 597
204 76
392 94
194 86
472 812
221 911
369 228
80 337
99 463
887 126
372 985
859 473
274 433
166 99
407 143
446 755
339 666
636 924
50 283
584 831
878 577
369 599
767 331
333 977
611 215
313 888
957 447
796 867
770 834
345 88
5 995
779 528
936 245
754 804
684 915
225 82
44 498
780 446
980 539
344 576
239 625
520 579
291 753
390 669
249 709
603 914
729 595
959 788
909 261
611 659
269 609
384 245
871 818
933 813
305 341
125 76
197 975
845 851
115 74
872 591
266 72
485 68
582 562
620 641
513 217
146 994
682 688
607 901
834 535
979 610
29 823
621 957
214 509
803 304
613 565
560 43
281 574
356 70
320 703
8 781
410 973
821 45
881 370
578 306
81 362
925 31
255 950
96 336
186 999
736 881
393 263
730 24
703 239
946 528
124 336
179 387
986 817
296 357
449 608
886 798
230 978
474 488
256 807
352 588
958 266
482 136
574 378
297 238
835 874
74 24
594 723
847 647
631 748
362 287
537 593
476 267
478 457
313 831
769 392
999 217
729 397
453 245
904 886
868 174
488 196
425 620
463 428
157 785
374 537
710 935
735 624
461 699
814 897
84 678
418 878
864 386
242 554
523 283
614 210
870 168
747 319
451 266
345 787
606 630
223 790
684 292
655 677
758 17
931 133
950 99
73 749
902 262
996 485
832 590
634 982
881 931
205 248
348 416
349 921
557 212
59 546
4 591
47 747
541 528
270 398
128 355
190 225
281 651
229 837
105 463
661 424
850 531
220 570
13 745
655 142
837 791
911 48
886 600
388 83
873 893
744 929
79 975
772 505
739 870
796 487
445 15
359 585
623 511
697 350
165 144
114 760
173 645
50 336
674 630
930 748
251 980
730 385
531 336
914 312
882 580
886 4
601 404
605 420
828 133
795 500
534 911
505 408
415 271
733 256
734 235
827 967
754 797
386 3
206 384
575 793
524 797
81 735
286 632
478 619
55 165
729 452
573 296
166 710
540 471
525 389
474 619
573 409
276 912
842 173
654 714
183 182
461 816
776 884
653 434
379 683
529 620
785 269
811 518
189 934
109 415
484 787
6 596
340 770
567 93
20 896
529 602
822 53
628 204
59 731
870 257
49 503
690 923
271 934
698 510
310 968
293 371
891 387
674 103
159 765
313 197
665 664
43 92
869 472
998 564
13 700
855 149
844 138
316 595
632 596
270 132
165 338
864 679
686 992
122 785
947 800
146 58
99 35
112 630
963 586
178 942
179 507
363 374
19 354
95 183
904 60
302 535
639 522
434 151
87 691
805 484
390 874
652 537
658 134
697 596
757 844
886 96
389 734
416 596
36 901
662 689
278 726
224 429
757 650
444 273
223 98
12 109
141 335
552 74
310 334
457 138
500 104
802 558
16 135
714 482
477 328
102 127
908 390
766 470
750 827
995 32
895 310
560 908
187 223
617 646
176 76
709 190
656 454
548 252
487 512
702 777
295 333
281 263
216 984
713 260
556 182
205 416
354 890
150 547
926 448
584 55
749 497
750 644
751 181
882 260
96 497
761 321
618 282
712 219
930 142
73 903
534 628
332 180
8 706
445 627
122 736
232 96
468 554
109 294
589 28
368 608
419 892
333 201
613 918
544 611
891 284
333 180
820 784
735 391
458 625
647 717
285 716
981 771
213 489
506 357
125 717
716 496
436 678
264 25
584 596
216 306
492 231
169 156
556 536
597 196
890 318
230 823
122 164
817 972
622 873
716 214
152 797
981 214
140 410
892 503
662 274
274 336
916 871
331 257
408 866
909 426
878 561
936 472
478 323
210 741
452 698
514 429
491 212
2 249
884 677
740 897
821 309
529 232
553 226
518 944
231 927
605 142
663 466
978 256
559 301
28 811
196 325
474 547
715 547
609 36
148 416
404 778
90 499
889 788
998 86
34 283
804 235
793 94
480 367
104 587
31 442
289 847
842 565
872 688
923 860
750 561
586 574
716 961
664 860
521 757
519 38
343 218
321 502
264 761
194 870
285 93
613 249
471 374
94 727
276 768
594 263
411 747
396 122
565 902
747 815
694 810
533 344
38 782
4 650
290 306
117 783
635 846
440 248
521 177
151 602
51 478
472 777
991 146
773 107
374 176
708 688
912 641
820 10
78 410
203 56
429 566
678 43
568 613
661 855
648 106
443 614
909 381
357 353
969 722
217 277
936 293
297 237
207 374
754 615
814 309
726 513
804 331
474 882
321 529
966 419
849 691
109 658
2 76
330 321
939 985
814 23
12 53
585 205
953 881
297 681
445 798
824 898
714 314
900 534
745 384
328 64
736 77
555 643
349 758
280 995
262 215
135 95
229 384
514 215
390 43
102 865
570 447
128 70
916 167
183 480
538 657
10 22
998 303
485 200
566 35
604 146
436 780
518 198
224 622
685 687
981 616
232 41
565 873
547 722
413 576
195 332
547 675
161 492
578 279
665 946
394 634
802 367
752 526
898 954
835 269
469 23
863 443
818 709
473 420
364 994
442 884
961 80
160 497
182 882
329 414
292 278
812 777
598 286
216 8
202 231
957 117
786 383
297 346
136 600
102 487
691 134
896 814
73 227
18 548
404 637
98 278
999 252
638 388
343 303
428 451
757 58
940 750
652 186
895 396
71 702
225 266
210 94
504 447
875 848
624 464
456 34
845 568
32 751
276 277
775 845
319 465
121 442
504 302
512 523
515 400
276 388
262 211
618 5
292 516
158 992
451 118
287 772
769 13
589 388
928 795
243 248
336 310
389 308
409 654
104 786
163 839
784 462
864 892
516 925
922 447
778 164
868 794
557 328
246 971
600 981
675 883
968 921
661 346
463 361
521 495
775 422
872 53
588 305
444 325
548 883
237 46
899 567
755 401
41 364
424 356
423 622
303 180
821 951
308 286
860 963
809 855
868 502
335 535
383 203
487 989
313 753
708 182
65 400
504 944
560 160
402 457
403 992
883 40
969 379
75 1000
573 105
991 686
634 105
781 92
78 202
514 377
398 724
135 995
743 142
67 953
446 284
779 982
589 868
516 430
116 394
139 373
884 919
576 448
837 487
651 367
29 527
780 841
819 917
604 389
219 161
72 413
237 573
20 933
662 476
275 74
542 870
64 801
375 979
467 177
217 561
894 341
328 886
80 884
683 316
623 597
134 244
973 2
732 263
492 540
54 319
57 9
874 598
346 72
122 275
488 395
54 430
591 765
5 250
119 204
32 328
195 260
678 723
344 777
240 427
208 905
835 308
533 271
113 12
960 470
777 115
562 971
320 482
212 688
985 496
490 958
370 825
260 238
237 308
855 11
99 175
355 313
20 339
35 695
363 226
94 86
979 492
616 466
218 658
992 609
757 815
425 852
562 271
249 120
925 927
911 134
235 61
53 836
130 419
665 962
814 137
799 479
92 369
632 864
258 31
761 6
73 4
590 611
867 622
262 462
750 869
741 253
427 666
157 557
642 219
698 529
104 588
447 292
432 195
470 911
966 512
552 724
291 264
93 748
993 934
488 382
154 528
48 51
376 928
893 69
118 723
882 470
609 374
777 980
868 645
9 424
466 625
894 369
589 221
935 305
50 787
996 289
302 797
262 933
637 49
392 78
110 179
104 8
547 646
363 757
509 559
371 562
134 498
127 517
319 818
209 565
911 121
553 982
62 16
544 767
85 209
507 163
60 739
778 688
895 625
810 225
260 194
764 376
473 785
807 652
766 430
354 20
47 107
947 57
765 770
454 27
934 785
576 989
288 979
98 17
995 773
300 693
796 210
653 887
359 410
315 471
420 238
684 851
611 245
431 420
210 710
407 992
536 911
840 721
876 151
364 323
943 729
226 973
588 626
573 258
701 845
853 626
656 210
692 688
112 522
979 964
585 93
768 555
822 658
793 904
851 254
686 272
306 569
552 289
607 709
574 49
797 577
724 999
431 839
729 847
15 516
141 713
571 124
132 736
152 222
928 655
662 340
584 225
395 322
120 236
401 769
147 485
112 982
404 508
6 88
890 977
279 972
564 658
727 230
403 188
974 261
980 926
195 446
194 616
483 379
467 862
110 628
74 351
627 336
60 727
355 949
267 763
96 341
508 136
80 140
557 662
200 169
711 353
967 251
473 83
956 520
99 9
905 222
890 260
853 240
122 874
322 376
881 207
990 827
113 165
173 643
249 357
982 335
677 307
109 817
130 726
277 677
524 586
84 145
678 167
771 323
352 729
784 726
123 618
877 445
143 905
572 301
335 433
905 666
679 856
168 202
904 606
524 799
103 10
984 300
145 686
220 230
511 289
634 308
339 144
433 107
641 654
465 241
844 895
404 860
885 357
98 633
500 901
926 697
249 643
68 321
286 280
824 927
306 586
35 24
223 999
404 195
512 502
845 179
587 454
547 181
305 258
470 580
200 40
954 145
327 527
891 656
68 103
215 240
487 623
492 795
111 963
688 92
599 878
980 732
693 485
324 280
2 516
77 64
304 529
155 794
708 166
926 117
51 861
189 746
750 345
987 121
560 450
741 58
300 563
22 934
622 279
698 367
717 1
115 308
291 877
990 744
177 788
622 134
938 193
484 779
213 467
547 559
949 463
933 970
369 253
811 482
631 253
342 808
96 898
207 666
488 386
709 804
356 604
731 568
633 634
171 806
51 55
291 612
754 458
900 458
995 972
45 557
523 295
75 636
676 401
607 187
535 334
19 649
39 959
170 570
709 727
321 702
106 956
145 360
218 814
572 305
938 551
481 48
120 867
922 979
463 497
304 422
845 761
438 817
16 314
741 952
542 683
235 271
736 296
898 251
191 231
514 11
522 917
400 468
738 621
956 404
707 518
286 135
538 820
777 563
711 967
556 176
849 186
906 587
676 745
774 138
523 150
462 742
360 40
893 130
548 547
169 710
99 645
427 138
487 344
635 968
181 951
59 26
741 175
32 329
431 691
768 381
238 171
302 708
779 261
665 916
134 561
549 734
217 29
414 705
146 99
644 230
703 325
563 462
602 360
325 527
326 344
273 108
237 307
173 715
692 153
70 861
143 547
153 31
424 127
575 748
264 456
724 866
457 505
511 10
421 286
574 300
297 256
27 955
199 99
516 365
888 33
490 386
255 134
348 996
974 592
117 161
323 574
72 629
409 9
672 897
676 73
715 549
519 749
991 816
871 222
31 23
660 453
842 416
556 374
462 433
470 612
31 420
414 52
436 532
78 65
880 320
978 179
906 980
979 758
985 885
84 624
769 116
510 492
756 460
298 676
229 76
802 244
698 453
756 371
295 81
375 807
399 215
994 991
461 314
191 145
783 285
803 531
273 524
452 217
935 22
973 351
316 678
644 420
826 579
383 905
223 38
584 608
1 932
888 770
557 851
961 74
910 175
363 304
364 15
146 214
283 503
635 396
398 963
605 556
18 796
826 16
123 756
184 587
905 492
669 603
156 690
412 548
754 613
814 315
914 303
781 18
624 121
435 490
588 540
457 102
790 288
81 690
898 606
83 412
800 500
415 421
328 277
375 607
628 640
258 480
336 768
779 654
267 370
418 762
387 557
338 69
581 135
340 523
295 983
100 652
862 624
563 565
231 867
141 631
181 442
540 242
958 706
558 504
790 432
966 621
236 842
774 304
963 249
158 21
766 206
750 723
883 46
186 322
884 285
298 664
362 304
687 40
404 364
902 39
655 26
693 162
252 54
398 326
42 276
778 480
798 999
530 513
547 677
307 904
573 118
897 470
996 829
646 171
69 910
198 546
511 569
242 350
359 6
134 376
898 647
967 250
968 684
554 429
437 567
703 268
728 472
692 293
485 795
160 90
221 613
717 928
313 618
681 490
795 826
27 212
490 518
968 954
772 26
529 507
179 190
408 860
134 938
527 897
810 631
620 98
514 403
6 735
832 114
886 293
305 982
785 332
163 496
954 461
438 810
212 681
740 810
889 240
736 269
662 101
22 388
287 992
145 590
681 557
701 562
957 936
851 157
449 813
713 156
858 908
91 272
629 784
82 248
292 249
30 173
586 997
174 216
746 239
547 914
557 309
725 819
233 833
768 116
91 175
110 249
573 971
685 657
959 502
467 908
967 555
485 638
286 354
63 402
601 543
96 677
170 84
122 83
985 361
569 106
240 396
955 853
388 50
137 246
160 49
622 993
90 318
398 239
365 136
60 522
494 711
597 158
565 865
838 728
644 417
568 396
808 411
365 426
974 841
335 374
598 312
781 376
873 136
697 601
863 204
848 539
745 881
23 542
934 937
350 288
441 582
895 76
644 726
10 694
89 939
343 298
524 915
373 483
67 584
842 314
310 508
311 662
127 645
419 340
811 726
149 35
900 813
119 789
104 594
598 966
470 609
200 69
219 163
510 358
704 469
98 892
895 553
159 303
16 567
471 9
522 482
50 348
968 217
704 449
54 130
167 993
405 988
694 203
937 703
561 943
529 348
734 814
256 275
794 799
603 133
468 420
555 38
612 93
463 717
393 239
696 912
588 166
290 609
184 228
97 645
740 505
670 388
194 453
268 636
472 223
492 226
5 299
522 647
265 694
673 273
624 737
808 488
960 291
498 734
342 535
438 726
113 509
666 637
922 739
5 717
796 200
339 783
231 293
787 942
472 364
588 874
112 179
994 49
957 443
493 561
969 742
230 523
870 983
836 707
925 782
982 961
86 689
438 867
937 826
810 734
960 239
524 800
49 384
747 41
213 765
383 301
319 227
442 64
651 316
10 396
896 421
691 113
722 329
310 250
977 351
279 172
809 187
873 414
910 821
177 663
546 901
343 148
243 178
635 756
495 290
376 629
786 654
604 137
627 88
935 307
574 625
498 92
906 55
510 719
424 994
566 916
394 498
755 301
773 182
332 42
425 472
194 693
677 682
790 923
848 8
230 336
725 702
137 189
670 337
449 115
159 980
473 117
146 53
708 691
431 436
70 668
736 984
517 83
829 321
932 220
777 510
999 529
726 971
472 42
903 975
843 250
383 141
265 12
442 689
597 967
230 560
781 128
657 114
107 199
986 718
51 543
386 904
251 246
297 355
268 420
417 870
92 672
143 804
981 442
785 359
990 296
567 545
979 89
232 690
505 738
287 184
424 619
311 100
115 927
6 530
659 964
508 630
54 782
71 868
985 299
277 37
650 513
390 268
673 736
417 418
219 890
384 213
37 677
976 607
854 912
710 724
272 634
257 458
267 817
628 244
388 539
688 1
52 424
569 258
419 731
167 937
78 380
65 773
582 828
868 921
651 885
412 167
86 970
206 62
664 456
80 255
812 704
928 333
274 836
967 657
751 829
20 403
96 777
61 761
857 330
968 685
364 846
56 487
274 98
388 494
30 186
104 403
677 416
87 587
109 158
961 646
683 851
434 239
491 482
109 815
493 656
666 514
408 814
598 285
800 196
711 22
397 74
161 736
938 702
978 899
10 945
822 816
507 653
221 439
757 229
723 941
300 554
373 236
924 46
469 569
309 788
865 140
370 802
170 870
447 954
629 76
795 278
272 297
417 446
129 336
462 204
45 28
690 339
750 803
163 209
383 586
276 272
789 206
686 277
319 466
792 289
698 809
186 5
300 509
194 536
836 223
485 55
505 841
125 112
896 284
521 673
262 65
942 574
232 362
16 603
87 754
20 115
422 699
794 614
501 914
910 931
303 185
32 205
669 267
786 617
866 376
848 434
646 5
995 421
65 952
851 841
502 663
229 869
160 852
802 287
646 148
83 844
468 572
5 421
189 328
796 336
851 935
303 192
216 346
969 828
270 59
831 468
543 842
485 830
551 367
867 42
243 964
174 710
469 266
731 939
296 176
499 971
481 340
148 699
199 806
556 144
531 481
680 997
847 379
106 973
586 499
126 264
679 894
573 215
944 569
178 321
417 671
418 688
487 174
571 363
292 856
149 945
6 986
499 436
812 476
72 162
608 980
129 45
993 814
480 161
157 503
249 526
824 812
306 767
190 363
880 728
150 436
727 330
712 993
289 784
417 219
881 926
882 433
220 264
422 596
544 810
462 373
979 589
926 452
967 744
200 292
777 948
216 762
747 694
608 272
574 549
310 977
357 323
545 326
517 971
55 924
811 156
229 228
82 986
108 606
15 50
311 923
422 16
354 442
468 694
910 261
248 962
146 462
761 749
404 315
467 630
484 696
23 185
915 478
754 266
406 727
8 2
230 811
123 345
126 872
859 136
95 151
978 809
588 458
498 735
181 940
545 697
152 377
455 271
256 975
924 310
779 865
74 481
738 88
97 832
459 601
390 997
683 241
87 945
681 424
495 512
443 941
580 698
482 909
853 746
31 866
692 552
128 643
734 167
771 187
154 91
194 41
214 546
529 893
783 768
571 262
662 947
849 728
685 370
790 190
119 175
590 657
903 332
550 771
609 425
442 48
6 849
723 417
797 634
871 809
823 906
120 313
873 413
67 466
910 826
12 593
452 280
82 269
980 790
752 937
508 23
915 977
988 745
864 807
949 509
521 586
103 758
982 33
733 603
493 214
616 119
834 818
910 711
821 40
18 455
492 402
360 804
513 664
443 190
368 287
114 495
646 348
85 222
839 325
661 625
683 217
768 539
583 832
752 452
381 820
826 675
80 449
743 702
88 972
126 644
970 278
532 625
948 941
886 130
389 624
728 284
260 56
783 416
416 690
421 431
4 345
579 711
66 526
378 780
197 328
948 400
587 240
537 939
645 464
713 957
80 894
193 433
430 70
509 471
680 957
81 688
351 576
465 529
981 441
235 171
73 84
990 297
404 980
315 243
942 76
232 691
378 593
712 884
650 959
803 31
132 872
988 137
821 932
206 250
121 604
323 826
146 944
788 263
138 473
654 956
327 896
55 689
500 608
30 81
363 948
327 529
989 676
439 647
741 3
377 880
198 774
623 35
458 723
512 699
388 826
446 112
385 180
252 638
185 490
707 429
212 533
284 490
52 126
808 756
76 68
721 377
816 21
484 737
70 622
87 580
649 117
613 652
389 946
709 845
468 861
661 774
520 486
669 795
193 194
583 949
198 349
882 750
576 909
133 462
669 652
945 835
753 795
314 575
459 656
616 557
429 824
106 583
549 71
409 308
728 22
654 258
503 888
173 324
72 937
549 185
954 459
115 973
280 694
888 331
83 43
176 839
11 315
358 83
231 931
520 512
120 36
653 348
68 332
441 71
492 732
67 652
304 106
395 389
935 519
462 495
64 938
762 75
994 890
713 584
608 23
108 236
479 552
851 509
676 752
239 104
993 604
64 840
708 161
180 378
841 512
290 262
509 754
261 135
100 433
424 179
545 260
232 9
254 702
938 317
778 52
161 396
588 301
21 616
985 367
252 314
513 704
111 497
814 133
66 178
13 921
96 517
203 119
994 342
48 766
804 971
877 235
723 765
425 66
868 498
340 171
621 230
883 963
558 553
526 11
516 229
444 200
579 671
303 775
948 584
369 655
616 664
247 682
474 822
274 922
154 68
121 143
32 680
436 702
906 586
323 724
639 927
625 696
755 761
862 703
96 74
405 38
978 424
248 117
573 553
206 50
780 837
819 921
915 726
608 68
958 664
564 823
312 496
663 905
280 78
890 933
410 721
345 616
123 93
793 272
243 329
210 386
176 318
420 344
437 425
419 658
208 111
996 152
190 211
228 98
121 918
855 199
569 426
843 519
661 378
521 271
132 255
939 249
868 33
227 187
817 880
29 145
985 331
626 111
274 24
131 417
761 748
333 571
434 338
268 717
485 849
269 356
531 177
143 703
810 152
294 825
196 396
691 439
801 587
363 230
792 818
278 269
64 153
767 369
490 751
314 593
153 981
67 891
28 403
680 962
678 381
258 104
460 838
980 125
84 938
692 553
509 419
201 114
277 873
463 470
361 372
268 224
733 500
477 310
405 457
82 198
500 73
913 622
201 172
727 523
444 647
854 906
193 897
603 694
37 784
7 184
181 325
874 811
298 675
491 274
300 341
776 105
661 188
954 950
518 223
59 518
998 407
310 949
668 543
786 197
870 252
752 648
949 98
99 217
995 508
655 307
321 285
838 858
761 799
282 736
912 887
530 314
622 44
694 585
477 515
443 484
373 722
47 785
708 701
178 992
929 824
97 528
539 441
830 232
687 865
639 632
723 351
507 901
553 261
751 622
312 388
520 90
593 516
616 419
339 700
636 958
198 129
914 206
398 967
79 646
481 403
407 911
106 608
740 598
681 122
214 474
978 556
61 264
923 213
197 370
291 799
222 250
844 625
540 346
283 675
451 733
987 695
844 960
795 268
780 88
624 346
791 312
633 220
942 188
198 935
399 707
491 610
665 217
993 228
791 425
563 566
712 860
492 924
92 230
370 448
208 491
98 947
542 896
808 211
897 111
954 104
756 444
85 716
103 567
436 666
772 796
112 970
228 196
197 719
57 468
424 817
370 53
379 983
533 895
871 643
765 412
479 890
280 420
229 847
878 84
184 64
367 977
243 607
670 288
104 247
24 940
554 281
937 407
617 447
568 149
517 36
591 983
575 498
852 597
636 252
105 892
70 766
493 765
244 645
478 22
195 911
810 336
350 41
486 729
952 897
827 767
97 798
459 659
585 545
141 67
75 963
495 714
297 349
340 485
282 434
85 866
296 899
25 331
79 952
801 974
576 74
760 279
478 574
983 583
537 337
495 793
741 529
852 350
260 510
927 396
111 532
966 674
515 262
440 940
980 506
908 367
930 377
148 212
385 238
44 101
927 162
548 341
641 477
110 418
848 983
989 485
242 810
527 706
252 272
111 60
202 888
591 890
489 748
123 107
589 225
402 717
39 128
561 896
600 986
621 528
603 13
111 274
683 501
939 15
868 959
213 366
955 315
103 910
815 513
30 767
235 635
752 638
329 754
347 617
111 496
526 864
905 109
88 871
820 88
437 520
765 622
540 943
862 669
873 690
969 947
773 831
207 535
902 733
173 739
142 358
326 387
388 12
886 203
10 960
696 307
218 699
572 350
334 569
10 851
781 198
343 821
739 928
19 695
922 940
317 934
853 724
40 469
478 395
615 894
429 281
253 921
370 727
561 262
949 610
470 666
641 750
625 703
590 699
718 492
701 738
888 471
818 318
710 880
932 266
112 677
632 871
803 63
200 72
252 531
127 385
561 113
181 352
163 813
646 810
99 939
264 628
94 850
646 965
169 33
885 142
638 835
750 377
953 217
578 694
654 797
582 890
507 444
824 362
143 250
384 731
846 959
190 163
75 353
834 940
30 731
269 385
313 453
42 13
351 5
35 860
327 28
332 374
891 993
284 241
892 414
344 30
266 96
435 71
365 506
791 738
278 403
620 368
233 970
743 634
999 972
588 869
383 123
849 931
938 628
814 291
83 279
945 400
72 516
622 572
861 796
218 782
535 479
559 469
66 714
5 893
120 895
852 432
357 638
358 137
163 397
112 483
535 189
205 570
409 13
227 818
376 88
230 87
144 302
723 50
889 798
381 74
736 167
595 236
462 437
720 398
372 608
95 542
609 280
572 644
723 272
998 170
965 435
676 698
936 711
276 40
81 48
409 343
618 489
565 750
15 717
185 242
494 100
449 677
927 920
507 491
988 666
258 785
264 846
856 1000
821 54
804 328
897 462
424 628
962 236
648 931
373 544
542 259
800 878
322 254
397 752
791 544
406 518
570 310
88 863
325 606
91 596
995 42
869 589
139 790
29 406
783 317
52 809
623 562
38 460
97 896
209 882
709 905
696 988
821 539
53 641
992 659
420 132
16 46
205 875
247 764
732 604
733 309
808 116
408 610
739 891
28 615
118 762
488 735
13 734
658 637
309 991
511 409
101 217
68 362
380 580
872 119
509 168
824 213
267 177
847 192
121 416
366 758
309 979
684 291
704 481
979 809
29 754
167 836
116 867
958 593
903 80
806 869
524 410
673 944
341 546
125 843
932 951
699 900
794 944
817 497
547 728
217 669
695 496
522 833
111 249
483 989
280 421
345 953
892 2
180 390
312 118
5 61
998 658
967 865
218 352
365 15
592 93
630 549
247 239
65 205
985 386
168 774
977 695
282 999
959 995
486 591
861 561
70 500
633 722
339 859
532 646
757 881
494 777
463 250
715 421
737 749
700 471
974 754
697 803
992 925
663 50
903 611
779 593
672 751
639 83
567 918
179 893
457 151
922 107
173 211
780 125
429 105
379 834
896 578
804 75
988 248
866 668
975 482
813 387
318 803
135 155
27 562
585 124
324 208
767 844
14 812
533 772
129 454
41 754
279 664
275 605
385 237
708 397
624 736
695 129
372 410
595 505
519 100
405 964
281 590
923 907
45 376
765 462
34 942
16 749
471 327
149 463
280 274
355 758
281 767
410 925
152 332
781 863
752 721
551 625
635 780
7 583
998 702
305 467
700 960
77 703
427 464
302 540
618 997
510 629
634 968
920 623
833 210
798 624
805 284
734 370
57 540
169 58
634 143
743 704
123 303
424 247
72 465
810 309
278 359
648 479
523 920
283 479
502 193
220 497
383 181
667 117
117 438
13 91
966 195
490 280
606 106
202 404
19 694
424 166
409 278
777 634
291 214
112 361
351 666
432 352
396 395
201 37
699 290
477 907
774 688
49 585
918 531
528 156
528 458
177 60
710 998
110 754
400 861
148 395
183 647
903 357
465 377
173 72
471 635
269 629
921 554
115 201
41 750
996 582
923 728
861 970
219 435
210 350
162 29
720 543
496 374
767 640
150 570
739 306
29 811
695 282
591 421
315 598
355 645
7 884
397 920
882 142
973 37
149 483
405 585
869 404
617 203
565 939
17 909
565 876
898 858
739 632
497 69
8 344
798 803
910 665
911 192
520 582
976 192
613 992
393 275
530 468
269 384
696 916
824 73
308 474
517 234
648 791
332 480
761 754
890 470
159 909
905 281
18 620
817 965
550 253
200 961
826 893
712 346
299 919
175 8
916 878
477 880
593 943
562 694
100 713
818 780
306 120
17 235
326 127
921 557
862 378
830 959
858 137
562 265
619 824
363 6
511 134
247 429
465 554
66 715
250 412
641 559
329 11
718 559
40 434
728 895
679 831
768 581
897 871
261 92
387 581
684 312
831 571
23 622
484 342
124 685
604 103
362 886
471 184
236 867
367 507
59 826
87 84
985 888
965 434
234 332
806 894
422 631
849 153
354 793
996 344
464 185
634 813
780 585
406 897
785 997
110 202
52 148
994 873
884 437
668 746
885 668
907 342
397 956
218 107
113 887
893 274
659 326
471 764
278 879
332 38
707 434
711 490
911 36
825 163
165 386
521 186
946 679
800 879
104 300
530 312
948 95
203 160
976 352
868 342
482 505
292 920
625 79
343 639
683 875
867 22
669 820
618 844
32 167
843 97
954 272
830 889
766 891
947 63
843 254
666 605
227 661
890 63
601 384
340 92
641 873
714 865
217 399
571 744
572 263
905 218
862 578
583 129
861 895
202 428
595 335
991 890
598 582
802 655
862 347
150 55
504 59
220 143
76 279
392 902
227 849
74 717
788 556
664 626
96 116
278 730
581 19
784 315
418 985
400 564
370 510
318 614
120 233
418 14
589 86
881 970
613 275
975 732
251 574
269 153
785 816
381 335
630 291
71 13
561 777
135 378
121 882
859 44
437 126
259 882
684 209
9 351
7 956
265 165
103 791
643 920
171 191
299 386
104 106
394 402
103 868
454 546
931 395
111 945
393 218
424 263
177 883
312 998
938 805
852 736
100 845
468 745
34 591
60 563
209 691
29 456
677 428
644 187
114 752
960 752
984 246
655 293
827 640
596 451
796 157
191 709
51 78
127 219
553 496
238 672
350 446
98 463
541 591
236 449
991 691
5 914
580 878
83 462
1000 798
128 735
456 764
218 967
676 736
757 146
5 803
361 673
842 176
542 689
410 260
249 788
984 673
166 841
944 383
598 844
515 264
898 128
166 984
959 403
798 505
176 88
283 860
159 161
861 263
935 512
385 236
10 211
471 96
833 843
673 994
802 198
380 958
717 473
828 918
833 740
194 822
285 109
397 883
224 513
261 132
262 871
608 487
78 463
81 281
194 216
569 508
86 851
575 50
962 213
394 537
877 966
843 890
165 346
111 498
591 772
830 68
320 413
324 873
256 729
4 111
174 603
636 770
449 168
692 28
469 165
971 111
754 373
905 333
744 675
374 98
786 440
754 452
187 589
559 506
785 374
288 456
198 207
130 295
478 367
465 956
725 182
28 394
526 441
286 674
567 727
752 124
496 698
957 259
376 352
763 604
545 641
69 195
54 569
308 857
184 871
891 263
225 77
758 209
999 25
158 523
237 174
214 946
571 510
663 454
171 908
816 455
214 40
897 794
326 988
935 966
859 293
222 541
42 428
444 527
546 547
207 874
858 753
658 725
664 938
148 379
168 601
847 187
561 486
121 607
712 918
710 641
34 382
471 151
189 962
760 898
888 183
493 329
149 256
43 261
682 243
854 591
671 143
161 210
824 150
203 903
873 199
416 256
987 91
793 390
812 358
930 249
125 995
238 194
281 843
910 670
401 286
365 69
311 823
646 372
544 746
87 408
713 985
41 288
235 473
777 116
378 163
382 408
388 44
795 840
191 575
748 808
167 628
359 920
464 983
781 262
696 354
537 802
757 903
170 649
501 121
339 786
307 304
37 231
829 139
466 175
799 567
265 996
31 985
947 537
296 974
706 617
799 452
291 245
653 606
511 278
993 499
960 228
391 342
719 130
867 663
652 121
429 432
514 118
632 939
59 95
97 256
922 548
926 763
988 5
489 110
326 587
975 330
297 855
908 305
768 868
200 102
92 140
441 380
722 23
775 35
931 353
110 344
96 294
774 104
78 357
800 109
798 98
731 13
159 556
845 61
8 742
996 191
380 821
640 507
695 543
328 631
880 443
82 954
857 448
712 477
840 943
651 642
678 758
100 170
104 301
539 525
303 132
179 394
880 269
473 233
825 380
420 928
916 557
331 199
499 873
902 442
541 328
815 281
32 184
934 185
815 142
835 708
160 348
257 758
807 538
522 728
558 612
463 224
268 466
304 518
47 342
303 824
896 858
880 201
917 572
975 234
577 303
597 56
692 520
658 1000
398 663
37 509
511 266
421 542
261 942
434 667
1 260
590 582
168 499
667 971
317 718
11 879
763 866
974 681
384 315
793 913
277 32
171 613
262 316
185 961
632 22
707 964
889 937
252 944
529 520
676 841
866 812
149 413
484 218
214 423
840 114
16 628
751 132
954 998
936 677
704 641
100 266
157 221
87 28
751 245
441 905
591 412
495 299
606 84
177 912
566 170
823 569
574 737
501 731
967 978
152 737
116 722
962 206
122 915
36 991
695 656
27 396
691 677
584 563
731 676
713 913
668 179
136 4
711 239
681 489
815 317
330 937
939 625
189 114
62 480
528 548
784 702
438 659
202 489
597 998
320 126
766 999
641 884
179 821
345 371
889 408
266 659
818 932
947 312
983 748
398 704
813 735
158 556
766 705
54 717
938 248
510 3
990 265
28 756
486 24
898 238
819 346
651 725
334 15
673 647
563 535
906 593
81 860
162 503
825 685
309 324
114 454
941 383
998 368
707 59
987 193
348 413
413 87
622 431
508 91
971 597
256 158
185 40
975 977
545 280
638 693
324 549
832 820
368 637
351 268
294 164
441 880
980 372
388 169
982 17
530 494
859 326
971 256
699 753
43 885
289 527
674 945
199 110
242 463
800 925
303 188
22 540
683 946
478 50
596 625
526 156
692 140
820 377
511 910
682 358
922 649
279 20
190 593
853 511
467 300
620 414
433 460
839 188
491 82
753 827
256 919
995 834
652 481
818 628
679 740
187 298
852 40
945 506
913 868
533 370
681 448
995 544
339 196
654 397
595 503
192 418
447 554
508 580
291 54
118 595
15 935
441 674
647 173
230 136
200 75
175 781
742 55
67 509
395 306
339 385
845 822
793 363
145 156
320 911
45 430
29 809
915 952
172 823
502 554
103 713
16 715
243 506
315 985
329 945
608 388
94 627
664 406
760 575
65 927
651 688
284 447
657 691
342 109
184 123
43 960
192 518
778 309
422 238
584 764
221 901
795 986
781 547
307 228
808 607
41 432
928 640
781 436
194 334
178 843
221 679
579 383
345 562
395 551
359 366
287 477
216 887
678 230
662 763
41 227
265 568
136 312
430 47
303 807
343 986
132 624
645 520
230 520
898 198
629 606
28 542
654 510
663 116
582 587
376 492
782 546
885 181
561 295
209 154
968 319
760 193
228 639
339 318
997 37
451 280
381 71
954 225
921 24
605 774
357 454
927 214
324 441
560 199
870 484
581 863
450 499
909 728
590 39
244 114
59 685
10 123
765 3
877 585
452 404
953 137
241 431
167 899
501 853
357 273
938 951
952 335
534 553
994 982
167 16
595 557
137 453
693 248
587 589
716 303
43 927
405 732
337 766
394 591
603 231
34 694
255 952
237 93
310 683
886 586
338 948
924 851
119 89
835 280
947 754
623 345
130 936
222 322
905 170
245 502
913 343
680 614
952 139
386 753
739 474
320 373
28 190
412 285
502 463
142 178
499 793
800 190
360 741
330 5
203 273
939 677
528 584
122 419
164 76
754 668
260 639
120 704
231 212
892 754
678 413
862 462
376 409
174 76
247 4
217 155
5 862
84 825
487 268
742 623
754 977
173 125
824 907
914 801
935 905
112 657
592 943
194 671
219 880
951 163
438 18
258 652
741 731
957 782
462 404
684 960
67 292
987 375
182 23
819 655
432 416
794 669
44 12
392 629
945 863
397 647
955 386
189 890
150 736
816 972
500 621
854 628
871 558
159 626
695 348
3 926
833 655
299 119
871 703
103 785
767 517
470 252
646 19
631 499
315 769
906 164
412 189
711 571
532 222
132 300
958 144
426 1
788 934
247 123
824 148
536 776
424 738
872 224
883 768
929 879
868 155
65 97
319 572
947 895
911 984
577 206
463 929
66 845
711 127
507 933
165 23
784 250
883 923
38 382
810 495
652 510
736 695
224 411
386 102
101 843
671 563
126 278
990 383
813 734
799 415
505 279
23 563
866 808
154 156
841 126
913 665
241 858
116 46
447 646
215 426
567 177
491 578
664 592
965 342
935 514
558 287
944 95
323 938
147 408
954 8
831 450
707 816
599 870
589 268
510 559
462 658
300 281
858 351
146 691
147 374
440 492
544 994
338 668
525 801
285 28
91 213
593 107
760 548
869 462
32 293
431 679
585 741
473 405
147 389
385 735
631 324
483 236
891 251
273 862
306 852
55 852
705 883
777 94
32 3
877 85
659 94
329 583
916 237
152 621
464 606
999 710
161 594
753 984
696 367
902 721
213 174
731 929
329 417
628 771
956 778
279 23
835 671
529 472
500 301
583 186
404 683
496 700
294 579
334 684
178 488
581 294
358 225
144 439
464 158
192 419
746 886
488 538
803 197
552 451
699 404
500 993
414 433
51 846
326 621
955 127
738 613
810 918
67 367
34 380
594 100
81 191
675 253
949 966
950 33
328 784
80 643
78 156
256 519
7 224
792 46
263 395
341 999
712 197
986 492
536 51
385 537
581 223
872 395
413 427
144 224
238 192
501 658
542 408
965 809
539 690
617 490
360 861
472 823
34 514
420 575
214 971
26 658
908 724
414 713
273 971
140 468
942 527
724 27
81 499
92 774
806 78
832 501
265 520
71 465
957 67
275 42
14 316
350 530
421 262
832 147
465 926
374 366
467 184
492 397
468 231
933 443
875 52
540 408
792 981
408 522
709 324
395 772
468 342
18 613
116 320
79 124
175 585
987 735
129 288
93 80
813 439
742 359
768 600
306 443
163 30
606 758
366 635
202 760
370 582
56 713
770 413
730 113
813 89
651 130
600 602
569 525
492 964
220 379
833 896
225 555
9 108
529 691
857 292
129 813
58 253
86 54
768 900
237 937
897 288
882 350
355 674
7 853
981 602
525 792
820 984
329 963
327 696
668 532
232 70
431 750
17 622
553 844
980 355
8 375
579 224
321 272
821 163
414 523
717 850
80 153
522 832
144 643
14 220
287 5
463 607
835 424
229 665
910 410
179 396
455 459
627 522
777 487
999 526
412 286
288 276
732 249
237 271
312 666
18 193
468 37
346 722
888 1000
596 281
706 681
834 402
174 883
395 578
139 753
92 520
992 518
296 29
26 170
563 65
601 310
563 554
913 914
733 305
607 264
719 322
187 341
616 236
46 24
728 943
858 994
680 50
454 333
171 953
633 118
540 454
253 861
936 875
40 288
789 180
176 800
943 616
126 36
42 841
370 618
171 615
188 607
410 518
944 293
999 257
384 172
883 280
595 140
559 553
836 226
530 949
638 82
928 792
920 189
205 397
335 574
43 405
466 955
28 982
698 126
580 126
582 676
695 351
458 842
204 346
756 351
208 157
704 818
411 592
217 737
661 332
683 396
760 521
959 43
543 680
146 366
293 749
668 495
371 537
997 373
213 454
622 98
740 41
958 96
299 677
599 374
199 132
487 901
593 697
901 128
80 276
722 863
47 816
950 887
748 162
557 943
948 348
92 974
165 22
57 629
956 871
994 430
614 847
333 800
709 617
430 394
433 422
880 9
143 611
347 972
407 942
501 63
448 165
529 396
416 579
53 786
991 700
207 205
154 507
583 358
969 470
964 135
883 696
131 969
353 105
481 156
926 900
653 116
716 622
876 259
386 137
867 576
686 4
562 46
357 946
709 429
189 645
178 295
841 125
965 687
719 68
741 540
836 800
693 857
180 780
789 374
93 777
497 640
22 271
171 579
79 330
648 426
798 508
332 598
828 691
243 85
940 917
996 722
375 592
513 237
508 375
862 886
782 294
82 316
387 631
489 326
238 459
534 756
183 733
722 364
746 358
896 49
168 956
205 155
971 548
879 183
699 533
60 797
303 491
403 254
721 15
78 637
678 828
865 795
739 830
246 274
446 368
752 846
531 42
933 834
865 884
223 102
596 524
728 444
636 797
568 37
340 177
607 29
990 943
296 183
204 992
633 754
931 607
472 408
383 66
644 952
83 382
174 939
108 219
787 592
593 865
411 420
16 468
634 293
439 498
458 575
123 857
193 748
714 390
201 41
6 578
944 655
541 995
733 27
606 795
277 245
784 247
714 376
956 429
171 687
453 163
410 569
481 937
927 252
200 665
480 717
29 694
918 23
96 285
560 172
941 353
765 125
309 471
521 599
936 872
265 145
447 121
492 534
733 624
462 542
798 916
52 286
293 724
710 981
356 180
375 120
378 460
786 983
226 648
442 154
320 589
484 720
996 709
90 363
700 992
866 472
77 607
682 38
797 669
43 736
118 164
110 682
856 333
714 919
736 931
957 209
333 791
86 433
568 432
640 715
593 330
701 236
795 107
47 462
175 133
144 871
994 201
886 91
133 762
602 514
933 442
370 786
166 603
4 386
448 796
710 36
987 673
787 733
758 816
616 777
853 612
837 175
363 404
848 835
187 22
279 510
942 170
794 259
533 983
182 239
992 167
993 210
84 517
140 823
755 840
167 718
261 517
618 48
211 762
563 593
471 180
6 219
742 209
70 824
15 603
732 479
988 881
937 993
720 511
283 119
770 642
944 247
74 311
587 865
107 859
20 50
773 412
82 663
803 653
677 267
259 939
761 967
133 910
650 56
776 921
686 837
217 934
36 397
208 879
523 536
854 42
839 322
569 170
406 371
296 450
230 895
70 843
306 888
921 834
683 879
71 166
217 241
320 230
112 120
870 649
227 665
236 473
878 984
257 705
59 432
866 32
539 74
44 676
283 264
643 56
596 248
33 846
250 444
322 833
732 968
86 715
644 662
975 100
870 647
351 734
943 271
13 321
936 876
754 975
314 960
758 911
905 983
447 620
451 361
755 695
314 947
166 944
153 503
799 104
987 472
291 321
370 506
371 47
797 599
864 252
57 474
279 849
76 447
876 995
99 998
462 692
689 336
472 692
197 845
147 348
938 433
370 47
449 644
251 784
238 14
310 619
424 966
703 960
48 646
44 965
825 82
717 228
919 680
332 70
939 182
284 481
530 393
859 383
678 785
535 888
114 266
808 985
152 531
815 472
621 473
734 520
860 835
437 574
5 982
920 536
373 688
523 661
283 168
349 637
433 763
325 573
625 111
377 963
22 631
652 666
981 34
286 936
912 631
530 58
515 658
219 273
990 944
916 425
524 604
653 768
235 977
120 623
173 411
249 77
196 972
515 944
843 367
478 262
444 146
527 569
54 593
127 37
623 928
737 849
791 116
870 919
600 215
358 251
962 937
11 831
729 614
322 980
880 982
165 570
666 496
524 119
106 2
785 613
28 809
150 305
893 396
361 80
289 659
71 977
310 11
90 459
392 644
944 81
284 914
910 842
846 24
794 767
869 153
524 292
673 998
655 562
128 61
205 564
850 822
320 981
651 939
46 979
731 217
896 50
989 641
116 531
601 757
998 593
689 879
910 535
935 64
369 393
702 341
375 510
983 340
397 593
694 745
627 310
39 412
613 856
762 642
506 452
983 544
991 223
919 402
133 265
541 156
104 503
544 310
514 776
217 184
878 711
146 132
313 653
522 297
41 700
265 530
909 297
914 129
697 759
365 417
136 257
448 19
50 507
732 739
342 627
572 340
575 579
361 615
588 718
150 83
674 994
192 135
581 403
303 765
306 179
73 132
805 859
188 179
117 211
11 714
256 752
366 754
607 464
461 742
279 469
743 16
858 842
253 772
54 863
456 506
441 394
373 411
983 982
763 901
904 99
605 64
84 620
831 514
926 274
175 890
9 833
876 661
842 517
129 86
798 309
612 947
918 982
811 932
11 37
101 178
287 749
519 54
647 125
523 51
980 762
539 414
472 765
626 930
275 346
515 587
501 894
832 480
885 410
915 810
947 241
494 61
242 42
24 201
891 443
15 405
567 843
368 668
521 304
684 452
243 12
787 469
492 309
475 513
463 724
835 289
178 612
752 577
329 656
772 278
541 207
664 957
653 533
321 84
450 880
217 107
859 468
273 969
311 689
369 864
540 905
777 457
502 4
621 50
969 593
87 762
71 17
164 437
60 358
614 901
406 350
373 793
14 403
911 643
1 880
437 776
984 783
1000 956
16 275
469 423
52 625
331 394
64 15
326 52
672 334
101 977
540 333
93 589
511 274
205 931
611 928
940 538
505 717
892 975
552 536
509 301
142 602
64 348
855 187
861 425
538 124
187 134
339 451
270 835
107 687
950 225
936 943
716 129
97 373
650 741
618 49
671 73
919 929
508 329
309 264
538 798
722 19
333 127
360 336
656 685
286 120
567 409
385 345
323 191
389 369
483 618
341 520
752 929
932 921
518 214
404 338
797 261
673 799
