911
163 3
12 513
863 192
403 346
316 280
704 255
567 721
410 537
278 61
128 122
682 14
419 362
83 70
352 687
100 866
651 511
148 98
871 173
516 162
376 847
60 477
544 393
398 370
758 360
359 280
768 137
521 349
315 126
181 227
535 812
128 452
4 5
52 79
381 644
232 674
113 889
869 524
314 482
607 740
66 26
81 268
66 842
361 300
53 31
1 48
293 711
108 134
679 539
349 19
49 373
125 510
826 567
549 275
354 485
229 288
495 33
428 592
80 75
248 362
517 304
244 405
76 145
426 134
342 329
108 56
262 501
639 807
27 68
853 166
819 746
445 547
143 98
638 109
689 559
193 319
130 117
139 667
330 454
187 40
260 133
233 212
3 43
523 474
141 451
94 607
538 536
283 460
325 457
31 94
578 81
475 747
372 146
706 446
260 753
218 140
535 446
530 511
548 615
782 441
74 36
17 9
23 27
3 1
101 206
289 664
482 835
276 573
420 350
476 472
163 197
84 23
228 59
468 502
121 259
639 650
273 37
270 47
124 13
790 823
117 208
391 611
416 119
55 194
380 846
339 294
98 421
720 894
779 652
116 873
205 267
350 368
71 205
362 728
42 24
550 210
45 172
435 94
109 157
224 657
792 616
569 796
160 783
275 173
302 498
112 32
183 750
690 289
623 693
518 79
135 306
257 143
697 213
551 413
353 589
80 387
761 446
474 351
325 348
18 28
272 400
588 55
590 459
3 140
13 676
400 867
328 890
100 49
648 516
6 388
248 254
52 4
12 133
324 59
395 103
432 358
266 596
163 234
319 380
109 53
281 304
5 123
297 741
3 265
56 51
96 29
1 2
804 857
1 6
155 832
116 109
453 367
216 118
215 571
244 668
573 666
734 785
127 884
695 817
626 320
299 92
770 657
18 75
392 373
818 795
139 196
624 732
118 211
528 260
135 50
802 786
271 16
213 199
317 7
13 283
266 385
9 18
643 55
442 738
374 377
494 118
460 716
612 154
1 29
412 262
71 617
726 538
658 335
723 691
150 490
12 37
302 12
394 838
568 307
694 103
313 119
729 44
513 519
9 55
368 492
101 350
606 257
567 218
131 892
488 911
794 471
365 205
79 820
103 21
89 35
654 513
301 465
104 41
483 451
310 417
200 144
41 142
75 824
139 789
197 356
58 61
26 390
492 718
155 9
891 483
110 87
67 118
883 699
13 19
318 326
68 119
229 429
336 727
489 743
241 733
113 137
59 115
656 56
710 587
432 450
45 35
810 350
205 734
246 76
749 42
636 216
80 463
700 96
907 84
809 855
376 274
542 20
407 781
195 279
10 4
408 124
737 902
746 725
333 254
433 209
72 22
380 475
43 263
62 19
338 114
60 185
587 208
504 385
6 33
149 124
261 103
480 162
436 69
439 601
335 448
13 3
359 821
13 25
24 11
602 595
445 10
116 413
366 224
447 672
5 166
342 744
497 214
508 662
179 752
762 52
20 32
413 514
371 569
434 168
181 66
107 399
78 280
564 467
42 161
77 55
443 201
472 226
58 18
605 307
438 486
828 335
719 97
899 203
787 128
87 305
2 351
358 254
519 702
205 585
247 43
487 453
101 106
212 825
27 190
469 106
621 217
692 641
206 300
244 36
191 46
646 367
308 244
320 767
736 839
811 404
836 398
816 789
642 323
70 248
625 805
282 801
717 722
277 7
880 578
499 456
105 856
102 369
464 634
15 367
24 26
736 141
56 169
222 123
616 384
415 62
860 210
421 840
231 814
557 365
34 10
745 596
439 5
2 101
418 234
909 431
520 215
242 210
484 406
12 15
845 783
41 114
427 408
524 75
215 467
142 619
778 850
408 875
285 314
193 176
131 159
829 91
207 620
243 371
73 9
334 594
737 14
93 593
815 391
556 72
214 191
908 780
515 229
209 191
903 17
608 62
97 343
286 269
424 466
84 765
575 187
565 496
407 382
174 155
394 397
793 760
195 754
85 576
311 35
898 386
17 46
854 486
38 26
129 386
9 1
93 87
70 23
184 80
146 69
500 187
39 21
791 268
586 118
449 423
290 257
888 66
91 151
226 60
198 96
75 230
16 35
401 645
489 333
882 716
5 11
195 624
129 531
23 297
28 36
67 27
832 906
17 47
904 195
382 225
62 505
23 167
439 699
164 8
240 430
355 179
327 262
895 581
357 707
92 79
44 26
310 756
264 77
297 389
192 7
582 714
364 233
129 83
18 370
1 526
122 325
910 728
200 225
205 220
128 153
438 425
736 876
321 109
738 851
60 212
95 201
696 107
223 241
204 169
87 183
691 506
4 20
901 78
73 160
641 88
309 391
480 879
525 227
296 558
379 837
44 51
641 757
864 396
125 331
496 84
438 595
788 407
554 222
603 270
356 739
637 456
13 22
223 23
683 138
598 10
365 393
139 170
24 64
168 57
586 628
311 623
784 597
301 809
684 451
844 149
394 552
644 865
199 86
285 152
508 412
548 23
224 94
251 118
323 91
633 110
31 25
763 343
12 78
751 43
459 862
154 394
257 670
122 88
653 108
258 396
584 561
296 59
181 347
321 346
123 195
795 570
86 17
688 69
563 390
154 47
84 186
377 422
378 31
834 417
459 254
88 771
8 6
188 67
372 579
118 177
522 252
21 10
841 230
30 182
717 448
8 797
772 186
695 804
211 329
374 236
269 410
217 266
518 604
425 341
247 527
887 708
253 207
532 432
121 165
57 171
685 311
28 878
134 238
704 833
295 609
96 713
217 511
167 446
84 780
610 458
186 352
104 671
81 19
455 577
16 5
561 680
447 881
76 50
276 49
773 634
213 471
402 250
166 406
437 143
806 127
91 493
13 536
318 91
63 322
803 577
92 618
298 203
345 97
239 170
92 121
203 686
202 5
12 9
256 8
257 458
340 149
776 55
138 67
204 360
580 397
309 337
539 99
231 6
444 206
379 145
529 15
24 117
82 113
245 470
507 143
57 363
147 66
132 661
102 144
118 512
470 639
767 774
478 319
56 107
396 632
827 658
2 88
156 158
209 447
287 1
533 240
559 153
582 261
99 289
600 136
39 900
221 82
310 404
153 303
4 50
314 905
30 49
501 675
660 114
125 110
130 229
464 217
800 356
264 822
491 339
131 681
205 861
260 269
176 59
640 209
562 277
138 255
481 164
262 137
241 330
206 742
352 893
709 692
705 417
23 14
245 224
284 45
17 54
518 731
288 798
316 411
262 456
30 17
62 139
131 414
514 748
126 27
695 681
778 356
855 858
659 487
95 102
295 228
830 46
352 652
75 152
471 583
336 335
97 10
30 59
381 125
655 64
168 383
874 116
14 6
310 9
381 462
409 385
60 219
896 779
868 307
5 7
90 629
375 278
57 18
69 38
47 673
157 274
309 56
212 353
711 859
243 154
708 189
755 649
293 275
563 701
189 769
13 543
187 877
111 7
91 53
192 344
132 95
831 78
455 431
392 534
237 34
19 725
571 581
678 466
631 130
288 357
114 307
255 294
479 257
142 301
175 488
215 108
90 49
545 539
36 178
669 43
195 473
232 25
503 123
24 120
401 630
625 51
100 766
82 59
698 226
189 16
897 638
215 546
150 53
440 277
540 213
649 374
848 872
252 216
415 735
384 160
238 627
333 574
87 50
5 95
566 171
715 65
9 207
40 17
68 217
870 640
7 291
848 569
442 369
354 13
341 225
506 160
790 365
124 179
391 635
113 282
425 553
599 358
209 328
41 14
423 323
148 292
98 48
334 268
105 11
312 29
49 597
658 703
843 488
849 128
388 720
760 414
3 572
468 272
436 541
647 228
157 335
267 712
172 775
3 4
332 188
127 123
125 724
561 445
120 210
37 555
173 113
156 799
813 269
17 180
285 431
613 326
565 570
240 152
777 330
60 55
509 445
141 89
574 730
124 203
19 808
45 162
249 207
62 71
886 111
65 10
315 622
